Date,Open,High,Low,Close,Volume,Dividends,Stock Splits
2014-09-02 00:00:00-04:00,22.826689824311853,22.9773026364057,22.75138426317967,22.87984848022461,214256000,0.0,0.0
2014-09-03 00:00:00-04:00,22.83555272835041,22.857701326433272,21.83442156246957,21.91415786743164,501684000,0.0,0.0
2014-09-04 00:00:00-04:00,21.894222600213965,22.16886892972572,21.659444422553083,21.73253631591797,342872000,0.0,0.0
2014-09-05 00:00:00-04:00,21.883142666694074,22.013820537504703,21.774611697228863,21.920795440673828,233828000,0.0,0.0
2014-09-08 00:00:00-04:00,21.99389274102029,21.99610641780371,21.717031058428542,21.78569221496582,185426800,0.0,0.0
2014-09-09 00:00:00-04:00,21.945163416814754,22.831120744681353,21.29398424008736,21.703739166259766,759385200,0.0,0.0
2014-09-10 00:00:00-04:00,21.70816788786465,22.394784415377902,21.65279556000343,22.370420455932617,403478400,0.0,0.0
2014-09-11 00:00:00-04:00,22.239741749435044,22.46787546139944,22.06476499709602,22.465660095214844,249412400,0.0,0.0
2014-09-12 00:00:00-04:00,22.41693416799432,22.633994447961896,22.388141164355833,22.516605377197266,250504400,0.0,0.0
2014-09-15 00:00:00-04:00,22.771317653585598,22.824476309876097,22.467878350617436,22.509960174560547,245266000,0.0,0.0
2014-09-16 00:00:00-04:00,22.104643990015138,22.428018328704074,21.903087814008753,22.33942222595215,267632400,0.0,0.0
2014-09-17 00:00:00-04:00,22.430223268352805,22.547614030421325,22.27961045929545,22.498886108398438,243706000,0.0,0.0
2014-09-18 00:00:00-04:00,22.576403262689727,22.669428358376095,22.494451617539827,22.545394897460938,149197600,0.0,0.0
2014-09-19 00:00:00-04:00,22.65614587811965,22.66943469841161,22.259679737722937,22.36156463623047,283609600,0.0,0.0
2014-09-22 00:00:00-04:00,22.547612258660457,22.622917812357,22.277395032188267,22.383708953857422,211153600,0.0,0.0
2014-09-23 00:00:00-04:00,22.281823276140205,22.800109117644737,22.268534458865226,22.733661651611328,253608800,0.0,0.0
2014-09-24 00:00:00-04:00,22.62735434323927,22.78018085603017,22.41472306575412,22.536542892456055,240687200,0.0,0.0
2014-09-25 00:00:00-04:00,22.261897806543793,22.306195006113576,21.64394224051516,21.677165985107422,400368000,0.0,0.0
2014-09-26 00:00:00-04:00,21.82334353933723,22.31505012512207,21.794550534611176,22.31505012512207,249482000,0.0,0.0
2014-09-29 00:00:00-04:00,21.849923649633723,22.246389769573792,21.845492916545258,22.173297882080078,199065200,0.0,0.0
2014-09-30 00:00:00-04:00,22.328338944252636,22.490026899602316,22.266322201870672,22.31505012512207,221056400,0.0,0.0
2014-10-01 00:00:00-04:00,22.27960900185406,22.301759284836898,21.860994338884353,21.967309951782227,205965200,0.0,0.0
2014-10-02 00:00:00-04:00,21.987247808741976,22.197663712582916,21.71481684490972,22.126787185668945,191031200,0.0,0.0
2014-10-03 00:00:00-04:00,22.024899690215783,22.195445732140243,21.936303619548877,22.064767837524414,173878400,0.0,0.0
2014-10-06 00:00:00-04:00,22.13785803273233,22.29290157885679,22.020468957276215,22.064767837524414,148204800,0.0,0.0
2014-10-07 00:00:00-04:00,22.02268119695216,22.1755093549082,21.867639362670133,21.872068405151367,168376800,0.0,0.0
2014-10-08 00:00:00-04:00,21.874282037008445,22.394781513492422,21.774610845875902,22.326120376586914,229618800,0.0,0.0
2014-10-09 00:00:00-04:00,22.490030458291795,22.676080714877177,22.28404528002669,22.374855041503906,309506000,0.0,0.0
2014-10-10 00:00:00-04:00,22.301769111859983,22.598564108520797,22.215388377618098,22.31062889099121,265326400,0.0,0.0
2014-10-13 00:00:00-04:00,22.443512464718996,22.54318197951677,22.106847763061523,22.106847763061523,214333600,0.0,0.0
2014-10-14 00:00:00-04:00,22.235310722465766,22.26410372316693,21.832200263503236,21.872068405151367,254754400,0.0,0.0
2014-10-15 00:00:00-04:00,21.699311148290455,21.96066863995165,21.081355680129764,21.60407066345215,403734400,0.0,0.0
2014-10-16 00:00:00-04:00,21.163308935207013,21.643940438832885,21.13230056012339,21.320566177368164,288618000,0.0,0.0
2014-10-17 00:00:00-04:00,21.595209311157912,21.927443300560345,21.44238113528737,21.632862091064453,272718800,0.0,0.0
2014-10-20 00:00:00-04:00,21.77683607395532,22.140078526972136,21.754687473616222,22.095781326293945,310069200,0.0,0.0
2014-10-21 00:00:00-04:00,22.817828700085453,22.817828700085453,22.430222395228938,22.69601058959961,378495600,0.0,0.0
2014-10-22 00:00:00-04:00,22.777958289874228,23.05925064086801,22.72480133221896,22.811182022094727,273052400,0.0,0.0
2014-10-23 00:00:00-04:00,23.052610112582474,23.267455035297747,22.952938899144417,23.218727111816406,284298800,0.0,0.0
2014-10-24 00:00:00-04:00,23.296245434269615,23.364906578860513,23.152277046405104,23.305105209350586,188215600,0.0,0.0
2014-10-27 00:00:00-04:00,23.22316065659322,23.362700044489383,23.18993691234033,23.28074836730957,136750800,0.0,0.0
2014-10-28 00:00:00-04:00,23.344976416589986,23.64177131652832,23.333901273827706,23.64177131652832,192243600,0.0,0.0
2014-10-29 00:00:00-04:00,23.621837436207255,23.781310024542783,23.557605327581584,23.7746639251709,210751600,0.0,0.0
2014-10-30 00:00:00-04:00,23.690500297039197,23.77688100698119,23.455722130512722,23.694931030273438,162619200,0.0,0.0
2014-10-31 00:00:00-04:00,23.923069935575363,23.929714347027144,23.745877744321287,23.920854568481445,178557200,0.0,0.0
2014-11-03 00:00:00-05:00,23.969572880623538,24.43027104102753,23.92306032930813,24.23093032836914,209130400,0.0,0.0
2014-11-04 00:00:00-05:00,24.222077664307875,24.250870674099964,23.85883523230553,24.05374526977539,166297600,0.0,0.0
2014-11-05 00:00:00-05:00,24.164483178449107,24.208782053971657,23.94963827919537,24.111326217651367,149743600,0.0,0.0
2014-11-06 00:00:00-05:00,24.15803986698765,24.200305857952753,23.980081104755577,24.18028450012207,139874000,0.1175,0.0
2014-11-07 00:00:00-05:00,24.191412995369102,24.318209299044753,24.146923719297927,24.249250411987305,134766000,0.0,0.0
2014-11-10 00:00:00-05:00,24.25147183468103,24.32043241362617,24.173614758927133,24.20920753479004,108782000,0.0,0.0
2014-11-11 00:00:00-05:00,24.18029636574453,24.413869371165394,24.11356243359396,24.402746200561523,109769200,0.0,0.0
2014-11-12 00:00:00-05:00,24.33155029440126,24.787572909230523,24.329327019105477,24.74753189086914,187769600,0.0,0.0
2014-11-13 00:00:00-05:00,24.86988655848465,25.23692734477838,24.825395583339507,25.096784591674805,238091600,0.0,0.0
2014-11-14 00:00:00-05:00,25.170186217721447,25.401534130734394,24.73863321679761,25.399309158325195,176254400,0.0,0.0
2014-11-17 00:00:00-05:00,25.41933178479175,26.088905996933963,25.20355695630714,25.357046127319336,186986800,0.0,0.0
2014-11-18 00:00:00-05:00,25.345931366213932,25.735218525600153,25.334808197082822,25.686279296875,176896000,0.0,0.0
2014-11-19 00:00:00-05:00,25.679601402064144,25.746335313237118,25.314783923416076,25.50831413269043,167476800,0.0,0.0
2014-11-20 00:00:00-05:00,25.561700610614082,25.995476927679974,25.548352472057317,25.87312889099121,173582000,0.0,0.0
2014-11-21 00:00:00-05:00,26.140075634106616,26.153422078587862,25.81084919392559,25.908727645874023,228717200,0.0,0.0
2014-11-24 00:00:00-05:00,25.99325703105713,26.42036021082831,25.942094530928454,26.389217376708984,189803200,0.0,0.0
2014-11-25 00:00:00-05:00,26.48708316248377,26.638349011814988,26.12671407218272,26.16008186340332,275361600,0.0,0.0
2014-11-26 00:00:00-05:00,26.23572517560987,26.493766014079615,26.211255566295023,26.471521377563477,163073200,0.0,0.0
2014-11-28 00:00:00-05:00,26.531579973598493,26.560499526230164,26.260192714051996,26.455947875976562,99257600,0.0,0.0
2014-12-01 00:00:00-05:00,26.429257451546537,26.527135896477063,24.75198592998884,25.5972957611084,335256000,0.0,0.0
2014-12-02 00:00:00-05:00,25.248048723898375,25.748560703006493,25.081211397529003,25.49941635131836,237395600,0.0,0.0
2014-12-03 00:00:00-05:00,25.748557992282684,25.88202749989554,25.606190291208055,25.788599014282227,172253600,0.0,0.0
2014-12-04 00:00:00-05:00,25.75300717116741,26.07111038600558,25.64623224008095,25.69072151184082,168178000,0.0,0.0
2014-12-05 00:00:00-05:00,25.801943197971433,25.82196455579757,25.5016364078331,25.58171844482422,153275600,0.0,0.0
2014-12-08 00:00:00-05:00,25.381522836924358,25.503870910590067,24.829848261676364,25.003358840942383,230659600,0.0,0.0
2014-12-09 00:00:00-05:00,24.51173962883448,25.426008279376155,24.324880947673904,25.385967254638672,240832000,0.0,0.0
2014-12-10 00:00:00-05:00,25.450471791245388,25.548348508254072,24.812040521210623,24.903244018554688,178261200,0.0,0.0
2014-12-11 00:00:00-05:00,24.972213154038013,25.314786024055365,24.767558063516873,24.829845428466797,165606800,0.0,0.0
2014-12-12 00:00:00-05:00,24.571801674953477,24.88545666891934,24.3760464860642,24.409414291381836,224112400,0.0,0.0
2014-12-15 00:00:00-05:00,24.625190353824962,24.825395498400198,23.657534135061347,24.075740814208984,268872400,0.0,0.0
2014-12-16 00:00:00-05:00,23.661984964142594,24.505069878702084,23.637515351272636,23.74651527404785,243162800,0.0,0.0
2014-12-17 00:00:00-05:00,23.828821823886408,24.433883819662668,23.762086208840998,24.338232040405273,213647200,0.0,0.0
2014-12-18 00:00:00-05:00,24.88545324842053,25.058963775634766,24.616289264260388,25.058963775634766,236024800,0.0,0.0
2014-12-19 00:00:00-05:00,24.97220745027793,25.190207237760504,24.838737950184573,24.86543083190918,353719200,0.0,0.0
2014-12-22 00:00:00-05:00,24.9499673841884,25.245824292793255,24.907701384177532,25.123477935791016,180670000,0.0,0.0
2014-12-23 00:00:00-05:00,25.187981428429268,25.21022606001418,25.01669420119658,25.03449058532715,104113600,0.0,0.0
2014-12-24 00:00:00-05:00,25.043397492059448,25.072315353467086,24.916601181030273,24.916601181030273,57918400,0.0,0.0
2014-12-26 00:00:00-05:00,24.936616242223664,25.474944221414532,24.916596579674763,25.357046127319336,134884000,0.0,0.0
2014-12-29 00:00:00-05:00,25.312552174260805,25.530551935086013,25.292530818258818,25.33924674987793,110395600,0.0,0.0
2014-12-30 00:00:00-05:00,25.279186954656875,25.34147260695305,24.938839142355096,25.03004264831543,119526000,0.0,0.0
2014-12-31 00:00:00-05:00,25.0967826437311,25.165741528407214,24.516188616119134,24.554004669189453,165613600,0.0,0.0
2015-01-02 00:00:00-05:00,24.7786766820896,24.789799848077692,23.87997951870223,24.320430755615234,212818400,0.0,0.0
2015-01-05 00:00:00-05:00,24.089087920333668,24.169169980365208,23.44843313723857,23.635290145874023,257142000,0.0,0.0
2015-01-06 00:00:00-05:00,23.699795956528767,23.89777609314269,23.27491613036746,23.637510299682617,263188400,0.0,0.0
2015-01-07 00:00:00-05:00,23.846619361287132,24.0690691750945,23.735394454383446,23.96896743774414,160423600,0.0,0.0
2015-01-08 00:00:00-05:00,24.298186668971617,24.94773952442875,24.18028687717126,24.889902114868164,237458000,0.0,0.0
2015-01-09 00:00:00-05:00,25.063417158305384,25.192438442414282,24.51619088453962,24.916601181030273,214798000,0.0,0.0
2015-01-12 00:00:00-05:00,25.04784348193922,25.054516703419324,24.202535383704063,24.302637100219727,198603200,0.0,0.0
2015-01-13 00:00:00-05:00,24.787581414176074,25.092338252779168,24.22700866193354,24.518417358398438,268367600,0.0,0.0
2015-01-14 00:00:00-05:00,24.25592358202692,24.578475075748763,24.13580050030205,24.424985885620117,195826400,0.0,0.0
2015-01-15 00:00:00-05:00,24.46947727933876,24.482823723855358,23.72649578385613,23.762086868286133,240056000,0.0,0.0
2015-01-16 00:00:00-05:00,23.80879582865299,23.931143866715107,23.401712389817426,23.57744789123535,314053200,0.0,0.0
2015-01-20 00:00:00-05:00,23.988983176267695,24.240352510869247,23.690901289235732,24.18474006652832,199599600,0.0,0.0
2015-01-21 00:00:00-05:00,24.235900203047848,24.705269323316333,24.084634301295583,24.36937141418457,194303600,0.0,0.0
2015-01-22 00:00:00-05:00,24.52731638602784,25.01893025966735,24.407193285653516,25.003358840942383,215185600,0.0,0.0
2015-01-23 00:00:00-05:00,24.981107910074,25.30365937266498,24.809820650066545,25.132373809814453,185859200,0.0,0.0
2015-01-26 00:00:00-05:00,25.301431026222534,25.43935046549932,25.092329440607884,25.1590633392334,222460000,0.0,0.0
2015-01-27 00:00:00-05:00,25.007802697539717,25.021150837785946,24.253698114174526,24.278167724609375,382274800,0.0,0.0
2015-01-28 00:00:00-05:00,26.16676779385467,26.27576941127131,25.650684356689453,25.650684356689453,585908400,0.0,0.0
2015-01-29 00:00:00-05:00,25.875357066377134,26.51378851448689,25.706294766705827,26.449277877807617,337745600,0.0,0.0
2015-01-30 00:00:00-05:00,26.338049188914013,26.693968428529715,25.99325141784945,26.062211990356445,334982000,0.0,0.0
2015-02-02 00:00:00-05:00,26.260197791281996,26.509340464236598,25.82197144340084,26.389217376708984,250956400,0.0,0.0
2015-02-03 00:00:00-05:00,26.360293699213326,26.491538228734484,26.162313570071944,26.393661499023438,207662800,0.0,0.0
2015-02-04 00:00:00-05:00,26.360297916823008,26.807422432641452,26.31803191715725,26.596094131469727,280598800,0.0,0.0
2015-02-05 00:00:00-05:00,26.803789832587974,26.850690149029983,26.631828253102775,26.785924911499023,168984800,0.1175,0.0
2015-02-06 00:00:00-05:00,26.80378629814129,26.855152412118425,26.45316192316014,26.560359954833984,174826400,0.0,0.0
2015-02-09 00:00:00-05:00,26.475494842079126,26.76358602482178,26.448694909423025,26.736787796020508,155559200,0.0,0.0
2015-02-10 00:00:00-05:00,26.8372922768724,27.27948192161642,26.835060226400515,27.25044822692871,248034000,0.0,0.0
2015-02-11 00:00:00-05:00,27.41793861360003,27.898093467941823,27.35764088949896,27.88916015625,294247200,0.0,0.0
2015-02-12 00:00:00-05:00,28.15268823597874,28.469814852734082,28.04325814425922,28.242019653320312,297898000,0.0,0.0
2015-02-13 00:00:00-05:00,28.42515230506543,28.42515230506543,28.061128730037076,28.3804874420166,217088800,0.0,0.0
2015-02-17 00:00:00-05:00,28.47204515109199,28.782472190621913,28.344748442965244,28.547977447509766,252609600,0.0,0.0
2015-02-18 00:00:00-05:00,28.503308492281512,28.76013564078984,28.46310944552495,28.746736526489258,179566800,0.0,0.0
2015-02-19 00:00:00-05:00,28.693137164079143,28.815968060168334,28.659639377741044,28.686437606811523,149449600,0.0,0.0
2015-02-20 00:00:00-05:00,28.724414699398068,28.920944213867188,28.597119651315914,28.920944213867188,195793600,0.0,0.0
2015-02-23 00:00:00-05:00,29.03706960339354,29.702585220336914,28.95667149205263,29.702585220336914,283896400,0.0,0.0
2015-02-24 00:00:00-05:00,29.68918089559116,29.836577975147815,29.293889966856423,29.5172176361084,276912400,0.0,0.0
2015-02-25 00:00:00-05:00,29.380987756716305,29.389922771844976,28.619439583213403,28.76236915588379,298846800,0.0,0.0
2015-02-26 00:00:00-05:00,28.762369079791174,29.226891041668456,28.27551639557092,29.126394271850586,365150000,0.0,0.0
2015-02-27 00:00:00-05:00,29.03259225978188,29.15989064615982,28.639536852886312,28.688669204711914,248059200,0.0,0.0
2015-03-02 00:00:00-05:00,28.865101836964875,29.095129068348655,28.652941228409233,28.829368591308594,192386800,0.0,0.0
2015-03-03 00:00:00-05:00,28.800335904670415,28.92539884630844,28.606038527466733,28.889665603637695,151265200,0.0,0.0
2015-03-04 00:00:00-05:00,28.831607435890163,28.93433626958241,28.65741210249003,28.706541061401367,126665200,0.0,0.0
2015-03-05 00:00:00-05:00,28.715474711488366,28.753440009760507,28.08569069554529,28.230854034423828,226068400,0.0,0.0
2015-03-06 00:00:00-05:00,28.675271793047767,28.89189990804343,28.19735241394222,28.273283004760742,291368400,0.0,0.0
2015-03-09 00:00:00-04:00,28.577007552268586,28.9365669298524,27.929356988814586,28.393878936767578,354114000,0.0,0.0
2015-03-10 00:00:00-04:00,28.23085293284585,28.41174780896457,27.647967549957766,27.806529998779297,275426400,0.0,0.0
2015-03-11 00:00:00-04:00,27.860130720009767,27.864596524336754,27.270545725249434,27.299577713012695,275756000,0.0,0.0
2015-03-12 00:00:00-04:00,27.315205996029857,27.89362553089279,27.163343116592372,27.793127059936523,193450800,0.0,0.0
2015-03-13 00:00:00-04:00,27.78196508492979,28.005292775799237,27.375508755701606,27.6010684967041,207309200,0.0,0.0
2015-03-16 00:00:00-04:00,27.665826564427487,27.904787063598633,27.440266881858342,27.904787063598633,143497200,0.0,0.0
2015-03-17 00:00:00-04:00,28.11695617904442,28.434081086166454,28.061124257205115,28.371549606323242,204092400,0.0,0.0
2015-03-18 00:00:00-04:00,28.36261268604332,28.845001247215315,28.221916874295566,28.69090461730957,261083600,0.0,0.0
2015-03-19 00:00:00-04:00,28.753444783827838,28.865108647066005,28.451952693855855,28.474285125732422,183238000,0.0,0.0
2015-03-20 00:00:00-04:00,28.64177450230927,28.675272290689996,27.95169279998705,28.116954803466797,274780400,0.0,0.0
2015-03-23 00:00:00-04:00,28.38941670651046,28.552444966857443,28.25541872876409,28.409515380859375,150838800,0.0,0.0
2015-03-24 00:00:00-04:00,28.413981704634534,28.594874877800912,28.264350862901242,28.293384552001953,131369200,0.0,0.0
2015-03-25 00:00:00-04:00,28.259879123223104,28.322410588375078,27.554162979125977,27.554162979125977,206620800,0.0,0.0
2015-03-26 00:00:00-04:00,27.415703290541437,27.88915682669982,27.379970048040168,27.746227264404297,190291600,0.0,0.0
2015-03-27 00:00:00-04:00,27.819931349005362,27.84896333643819,27.449208255299947,27.52513885498047,158184800,0.0,0.0
2015-03-30 00:00:00-04:00,27.703801727530387,28.228621479125927,27.692634661044366,28.221921920776367,188398800,0.0,0.0
2015-03-31 00:00:00-04:00,28.15939080017158,28.248722227049445,27.773034806918524,27.788667678833008,168362400,0.0,0.0
2015-04-01 00:00:00-04:00,27.87576321147474,27.942762202453487,27.49163929808752,27.74846649169922,162485600,0.0,0.0
2015-04-02 00:00:00-04:00,27.9226577157252,28.04102110569997,27.735063294751196,27.987422943115234,128880400,0.0,0.0
2015-04-06 00:00:00-04:00,27.79759378512116,28.476510067980243,27.766328049398123,28.440776824951172,148776000,0.0,0.0
2015-04-07 00:00:00-04:00,28.505544959128052,28.612741291445364,28.13482189606946,28.141521453857422,140049200,0.0,0.0
2015-04-08 00:00:00-04:00,28.1057853751071,28.228616268359257,27.90925764975846,28.04995346069336,149316800,0.0,0.0
2015-04-09 00:00:00-04:00,28.10578275139693,28.268812675962128,27.840024022217698,28.264345169067383,129936000,0.0,0.0
2015-04-10 00:00:00-04:00,28.128121549163314,28.40951491239349,27.974026603464083,28.38494873046875,160752000,0.0,0.0
2015-04-13 00:00:00-04:00,28.668576086828708,28.713244353508433,28.275520557103356,28.329118728637695,145460400,0.0,0.0
2015-04-14 00:00:00-04:00,28.36261224663373,28.427377471187047,28.11918592000505,28.206283569335938,102098400,0.0,0.0
2015-04-15 00:00:00-04:00,28.230848331930158,28.391642804577476,28.141516933445175,28.313478469848633,115881600,0.0,0.0
2015-04-16 00:00:00-04:00,28.20182563193837,28.384954303424124,28.163860326548054,28.17725944519043,113476000,0.0,0.0
2015-04-17 00:00:00-04:00,28.03879314990162,28.170555673798134,27.795365073211876,27.860130310058594,207828000,0.0,0.0
2015-04-20 00:00:00-04:00,28.043259493387595,28.612744111609118,27.95392807174839,28.496614456176758,188217200,0.0,0.0
2015-04-21 00:00:00-04:00,28.608278348151323,28.630609072444127,28.288917980602285,28.342517852783203,129740400,0.0,0.0
2015-04-22 00:00:00-04:00,28.360379898256962,28.780235297985456,28.21075077059283,28.724403381347656,150618000,0.0,0.0
2015-04-23 00:00:00-04:00,28.652940727044147,29.126394296720928,28.61720748201312,28.958898544311523,183083600,0.0,0.0
2015-04-24 00:00:00-04:00,29.142036965552848,29.173302711713795,28.86064184239359,29.095136642456055,178103600,0.0,0.0
2015-04-27 00:00:00-04:00,29.548483853042118,29.731614180501488,29.289422934655136,29.624414443969727,387816800,0.0,0.0
2015-04-28 00:00:00-04:00,30.028645365723904,30.04650858372668,28.936573000869448,29.157665252685547,475696000,0.0,0.0
2015-04-29 00:00:00-04:00,29.0683313231756,29.387688266320986,28.65294170668969,28.728872299194336,253544400,0.0,0.0
2015-04-30 00:00:00-04:00,28.728878072037872,28.728878072037872,27.82216806436512,27.949464797973633,332781600,0.0,0.0
2015-05-01 00:00:00-04:00,28.161621657599095,29.061633688785268,27.982960526076326,28.798105239868164,234050400,0.0,0.0
2015-05-04 00:00:00-04:00,28.920936166152686,29.15989843272447,28.644008600797655,28.742273330688477,203953200,0.0,0.0
2015-05-05 00:00:00-04:00,28.61943769691656,28.686436675126448,28.09015224370668,28.094619750976562,197085600,0.0,0.0
2015-05-06 00:00:00-04:00,28.26435842360121,28.306791239726852,27.54971033222721,27.918201446533203,288564000,0.0,0.0
2015-05-07 00:00:00-04:00,27.980988629364855,28.274771119191875,27.81279321350652,28.090877532958984,175763600,0.13,0.0
2015-05-08 00:00:00-04:00,28.40932319194235,28.620128631591797,28.28149476195688,28.620128631591797,222201600,0.0,0.0
2015-05-11 00:00:00-04:00,28.568549094369533,28.606672974255993,28.173850078151617,28.328590393066406,168143200,0.0,0.0
2015-05-12 00:00:00-04:00,28.167125084212447,28.45417831798715,27.992202126816753,28.227676391601562,192640000,0.0,0.0
2015-05-13 00:00:00-04:00,28.29046577960283,28.523696932639684,28.22767310589522,28.259069442749023,138776800,0.0,0.0
2015-05-14 00:00:00-04:00,28.573036269582165,28.91839599609375,28.51697113449011,28.91839599609375,180814000,0.0,0.0
2015-05-15 00:00:00-04:00,28.945307711767548,29.03949672198402,28.752443522673612,28.878028869628906,152832000,0.0,0.0
2015-05-18 00:00:00-04:00,28.79057441626259,29.31534335330476,28.78608824650854,29.19648551940918,203531600,0.0,0.0
2015-05-19 00:00:00-04:00,29.308611366645366,29.351221417987176,29.0731371084552,29.169570922851562,178532800,0.0,0.0
2015-05-20 00:00:00-04:00,29.153868981835398,29.373643343707954,29.005856210353336,29.16732406616211,145819600,0.0,0.0
2015-05-21 00:00:00-04:00,29.169569305141973,29.519415190733618,29.11574554507242,29.465591430664062,158921600,0.0,0.0
2015-05-22 00:00:00-04:00,29.51268773318277,29.81992357067761,29.467832888690626,29.72348976135254,182384000,0.0,0.0
2015-05-26 00:00:00-04:00,29.736950097620053,29.80647032013867,28.956520925099333,29.06865119934082,282790400,0.0,0.0
2015-05-27 00:00:00-04:00,29.23012019454992,29.660700053598696,29.165086138638944,29.61136245727539,183332800,0.0,0.0
2015-05-28 00:00:00-04:00,29.570994155578294,29.591176782375417,29.400557381606728,29.55305290222168,122933200,0.0,0.0
2015-05-29 00:00:00-04:00,29.429700586445225,29.479038163712147,29.131433750038177,29.21665382385254,203538000,0.0,0.0
2015-06-01 00:00:00-04:00,29.216666400119294,29.46559576641066,29.165087427844778,29.274972915649414,128451200,0.0,0.0
2015-06-02 00:00:00-04:00,29.122470041101735,29.30187913395638,29.00137087104255,29.1448974609375,134670400,0.0,0.0
2015-06-03 00:00:00-04:00,29.301888764618358,29.364681454464005,29.131448530513072,29.1807861328125,123934000,0.0,0.0
2015-06-04 00:00:00-04:00,29.059681144123864,29.283941683817417,28.909426993162494,29.010343551635742,153800400,0.0,0.0
2015-06-05 00:00:00-04:00,29.04173516220574,29.084345205321515,28.786078325454806,28.851112365722656,142507200,0.0,0.0
2015-06-08 00:00:00-04:00,28.907178358441183,28.976701990945653,28.44296088234116,28.660493850708008,210699200,0.0,0.0
2015-06-09 00:00:00-04:00,28.41381136401914,28.723292021999566,28.171611267260324,28.575279235839844,224301600,0.0,0.0
2015-06-10 00:00:00-04:00,28.687399327476367,29.00584878885784,28.671701162787752,28.902690887451172,156349200,0.0,0.0
2015-06-11 00:00:00-04:00,28.96997080703964,29.194231315241936,28.81298913568679,28.837657928466797,141563600,0.0,0.0
2015-06-12 00:00:00-04:00,28.74795558852689,28.779351923337583,28.50575382486845,28.519208908081055,147544800,0.0,0.0
2015-06-15 00:00:00-04:00,28.2792526425688,28.53490951126304,28.191791172277195,28.463146209716797,175955600,0.0,0.0
2015-06-16 00:00:00-04:00,28.487817914900596,28.671711500832313,28.33980683889324,28.615646362304688,125976400,0.0,0.0
2015-06-17 00:00:00-04:00,28.64255555989498,28.67843635548375,28.422779484639946,28.54836654663086,131672400,0.0,0.0
2015-06-18 00:00:00-04:00,28.532664506646114,28.77486454918359,28.530421422547366,28.67843246459961,141628800,0.0,0.0
2015-06-19 00:00:00-04:00,28.640309613792592,28.66497840684529,28.3465288923111,28.391380310058594,218867600,0.0,0.0
2015-06-22 00:00:00-04:00,28.590973710783715,28.718802140958196,28.49902778569709,28.61788558959961,136157200,0.0,0.0
2015-06-23 00:00:00-04:00,28.588732211470873,28.617885463497288,28.454174528956322,28.48781394958496,121075600,0.0,0.0
2015-06-24 00:00:00-04:00,28.52817810076723,29.10901368753066,28.507995476962197,28.730012893676758,221123600,0.0,0.0
2015-06-25 00:00:00-04:00,28.898218093420763,28.97446586834541,28.593223571777344,28.593223571777344,127752400,0.0,0.0
2015-06-26 00:00:00-04:00,28.63133948063868,28.70310277685248,28.371198173478145,28.425020217895508,176267200,0.0,0.0
2015-06-29 00:00:00-04:00,28.135722600023964,28.362226187922754,27.9159482644552,27.927160263061523,196645600,0.0,0.0
2015-06-30 00:00:00-04:00,28.160396048927392,28.283740030796153,28.00117127022454,28.128999710083008,177482800,0.0,0.0
2015-07-01 00:00:00-04:00,28.458659147651748,28.46762977339563,28.254581261665244,28.391380310058594,120955200,0.0,0.0
2015-07-02 00:00:00-04:00,28.353267626605493,28.411575861472514,28.205254809859806,28.355510711669922,108844000,0.0,0.0
2015-07-06 00:00:00-04:00,28.019116463566508,28.308412807283318,27.99893212234458,28.256832122802734,112241600,0.0,0.0
2015-07-07 00:00:00-04:00,28.232154959896405,28.290463170521164,27.75672207128658,28.18730354309082,187787200,0.0,0.0
2015-07-08 00:00:00-04:00,27.915950183579728,27.951830976947246,27.480884228809224,27.487611770629883,243046400,0.0,0.0
2015-07-09 00:00:00-04:00,27.774662497755145,27.821756997294315,26.736337001884525,26.926958084106445,314380000,0.0,0.0
2015-07-10 00:00:00-04:00,27.346330839029708,27.774667581412114,27.182619891739044,27.646839141845703,245418000,0.0,0.0
2015-07-13 00:00:00-04:00,28.03929300684639,28.203003941989035,27.88006824032245,28.180578231811523,165762000,0.0,0.0
2015-07-14 00:00:00-04:00,28.265800851990008,28.339807246544346,28.041540294653657,28.169368743896484,127072400,0.0,0.0
2015-07-15 00:00:00-04:00,28.194035260924476,28.51472790040736,28.162638922315423,28.44072151184082,134596800,0.0,0.0
2015-07-16 00:00:00-04:00,28.64704135620482,28.8331797289711,28.559579881091377,28.819721221923828,144889600,0.0,0.0
2015-07-17 00:00:00-04:00,28.947552008815553,29.06865119934082,28.774870428339227,29.06865119934082,184658800,0.0,0.0
2015-07-20 00:00:00-04:00,29.371403616951767,29.81992470335623,29.310852312142753,29.618091583251953,235600800,0.0,0.0
2015-07-21 00:00:00-04:00,29.79300610019815,29.80870255436833,29.225627360250233,29.322057723999023,307025600,0.0,0.0
2015-07-22 00:00:00-04:00,27.357539344636574,28.144694219816735,27.357539344636574,28.08190155029297,461802400,0.0,0.0
2015-07-23 00:00:00-04:00,28.30167846812664,28.50127020482842,28.046021598396894,28.068449020385742,203998000,0.0,0.0
2015-07-24 00:00:00-04:00,28.104334270871473,28.198523298655843,27.785884675425834,27.920440673828125,168649200,0.0,0.0
2015-07-27 00:00:00-04:00,27.60422637113421,27.72084279877277,27.38669510564022,27.53246307373047,177822000,0.0,0.0
2015-07-28 00:00:00-04:00,27.669260025024414,27.788119527889297,27.483125109347384,27.669260025024414,134472400,0.0,0.0
2015-07-29 00:00:00-04:00,27.617681054912207,27.69617188810924,27.420330718906133,27.581798553466797,148046800,0.0,0.0
2015-07-30 00:00:00-04:00,27.431552476840412,27.487617618569644,27.294753394143296,27.442766189575195,134513200,0.0,0.0
2015-07-31 00:00:00-04:00,27.494344172698714,27.50331480036935,27.115344991704973,27.20280647277832,171540000,0.0,0.0
2015-08-03 00:00:00-04:00,27.247657185235305,27.487615908468857,26.355099431607222,26.561420440673828,279904000,0.0,0.0
2015-08-04 00:00:00-04:00,26.33267450508327,26.395467188033553,25.397508381918815,25.709230422973633,496554400,0.0,0.0
2015-08-05 00:00:00-04:00,25.330224185566085,26.33715511791826,25.139603092262803,25.879663467407227,397250400,0.0,0.0
2015-08-06 00:00:00-04:00,26.12521608802686,26.24461190151116,25.708456500286978,25.935983657836914,211612000,0.13,0.0
2015-08-07 00:00:00-04:00,25.81208391949338,26.188293835651134,25.794061455329505,26.023841857910156,154681600,0.0,0.0
2015-08-10 00:00:00-04:00,26.251371343810888,27.03082489025574,26.251371343810888,26.970001220703125,219806400,0.0,0.0
2015-08-11 00:00:00-04:00,26.53971690006122,26.623069487702587,25.530483212035413,25.566526412963867,388331200,0.0,0.0
2015-08-12 00:00:00-04:00,25.35026716114142,26.00131361469032,24.696967469981434,25.960763931274414,404870000,0.0,0.0
2015-08-13 00:00:00-04:00,26.1409839860143,26.22208334930202,25.80307054522102,25.940488815307617,194143200,0.0,0.0
2015-08-14 00:00:00-04:00,25.753511040356475,26.201809081746294,25.683676142096857,26.122962951660156,171718000,0.0,0.0
2015-08-17 00:00:00-04:00,26.140984058837454,26.50367795712996,26.019335013566987,26.393293380737305,163538800,0.0,0.0
2015-08-18 00:00:00-04:00,26.22884251425318,26.456371389120584,26.134227159098433,26.244611740112305,138242800,0.0,0.0
2015-08-19 00:00:00-04:00,26.154504269350266,26.2491196358203,25.834613238684764,25.908954620361328,193146000,0.0,0.0
2015-08-20 00:00:00-04:00,25.699446416189495,25.760270085103105,25.14752004564438,25.377302169799805,274006400,0.0,0.0
2015-08-21 00:00:00-04:00,24.877186246242456,25.208341675460733,23.800369080972498,23.825149536132812,513102000,0.0,0.0
2015-08-24 00:00:00-04:00,21.3718955654849,24.509984562326586,20.72535401181328,23.230419158935547,648825200,0.0,0.0
2015-08-25 00:00:00-04:00,25.030380462528402,25.030380462528402,23.316032433090744,23.370098114013672,414406400,0.0,0.0
2015-08-26 00:00:00-04:00,24.124765558286647,24.75553798798225,23.665204801433582,24.71048355102539,387098400,0.0,0.0
2015-08-27 00:00:00-04:00,25.282686582871378,25.510213748539748,24.78482589124293,25.438125610351562,338464400,0.0,0.0
2015-08-28 00:00:00-04:00,25.269169305640595,25.52598340972898,25.127246264554955,25.5214786529541,212657600,0.0,0.0
2015-08-31 00:00:00-04:00,25.237630464651282,25.80081958229044,25.2308724702343,25.402082443237305,224917200,0.0,0.0
2015-09-01 00:00:00-04:00,24.814113009473044,25.203838918636777,24.185593744331104,24.266693115234375,307383600,0.0,0.0
2015-09-02 00:00:00-04:00,24.832132708397356,25.307462692260742,24.584328147835954,25.307462692260742,247555200,0.0,0.0
2015-09-03 00:00:00-04:00,25.34125355491773,25.406583689783915,24.789328983371657,24.863670349121094,212935600,0.0,0.0
2015-09-04 00:00:00-04:00,24.548284054092843,24.881691001982006,24.44465747738586,24.61586570739746,199985200,0.0,0.0
2015-09-08 00:00:00-04:00,25.174551155733397,25.357023862443352,24.852406942441565,25.300704956054688,219374400,0.0,0.0
2015-09-09 00:00:00-04:00,25.627356895033266,25.685927323059925,24.728505867727485,24.814111709594727,340043200,0.0,0.0
2015-09-10 00:00:00-04:00,24.841143086181784,25.519223217061295,24.757792202650027,25.359277725219727,251571200,0.0,0.0
2015-09-11 00:00:00-04:00,25.183566375061464,25.72873306274414,25.176808380219292,25.72873306274414,199662000,0.0,0.0
2015-09-14 00:00:00-04:00,26.262638776073928,26.33247368579207,25.875164337540344,25.976537704467773,233453600,0.0,0.0
2015-09-15 00:00:00-04:00,26.116208866048236,26.251373926241524,25.77604211823349,26.19505500793457,173364800,0.0,0.0
2015-09-16 00:00:00-04:00,26.188287889304902,26.253618018027414,26.00581520754931,26.224332809448242,148694000,0.0,0.0
2015-09-17 00:00:00-04:00,26.055379566966984,26.242357029165714,25.618344305241134,25.66339874267578,256450400,0.0,0.0
2015-09-18 00:00:00-04:00,25.278176722141534,25.749003654376327,25.201583837512686,25.557518005371094,297141200,0.0,0.0
2015-09-21 00:00:00-04:00,25.607079622479663,25.990049212339446,25.604828103728384,25.954004287719727,200888000,0.0,0.0
2015-09-22 00:00:00-04:00,25.541750543920482,25.721971737053007,25.34801336285386,25.54625701904297,201384800,0.0,0.0
2015-09-23 00:00:00-04:00,25.598072581071506,25.843623943763124,25.523732919629904,25.75351333618164,143026800,0.0,0.0
2015-09-24 00:00:00-04:00,25.512465862605882,26.019336045306662,25.314223920998707,25.90669822692871,200878000,0.0,0.0
2015-09-25 00:00:00-04:00,26.231093387769587,26.28741229200735,25.68592508852346,25.841365814208984,224607600,0.0,0.0
2015-09-28 00:00:00-04:00,25.647628106447414,25.809826822233777,25.32999038696289,25.32999038696289,208436000,0.0,0.0
2015-09-29 00:00:00-04:00,25.417847760518285,25.571035245704575,24.298227691854485,24.568557739257812,293461600,0.0,0.0
2015-09-30 00:00:00-04:00,24.818619176742185,25.12724745125998,24.494223393409246,24.8479061126709,265892000,0.0,0.0
2015-10-01 00:00:00-04:00,24.570814126638464,24.69471641683409,24.1743285167292,24.685705184936523,255716400,0.0,0.0
2015-10-02 00:00:00-04:00,24.332018928920757,25.007845753687356,24.228392355369188,24.865921020507812,232079200,0.0,0.0
2015-10-05 00:00:00-04:00,24.75328719029101,25.088949137955048,24.570814468299,24.956035614013672,208258800,0.0,0.0
2015-10-06 00:00:00-04:00,24.92224621006983,25.172302335816095,24.728509000595842,25.0754337310791,192787200,0.0,0.0
2015-10-07 00:00:00-04:00,25.172300026412252,25.17905802075021,24.647409081135017,24.956035614013672,187062400,0.0,0.0
2015-10-08 00:00:00-04:00,24.82312338972107,24.82312338972107,24.377076865061447,24.667682647705078,247918400,0.0,0.0
2015-10-09 00:00:00-04:00,24.780317230924524,25.29394534944359,24.665426187976884,25.257902145385742,211064400,0.0,0.0
2015-10-12 00:00:00-04:00,25.395322988263967,25.39982774471061,25.104717214029698,25.14076042175293,121868800,0.0,0.0
2015-10-13 00:00:00-04:00,24.965045593303486,25.332244256546574,24.933507142164405,25.183563232421875,132197200,0.0,0.0
2015-10-14 00:00:00-04:00,25.070917572758358,25.12272998968515,24.681190093151283,24.827619552612305,177849600,0.0,0.0
2015-10-15 00:00:00-04:00,24.989830560258746,25.253402686079717,24.890708713809698,25.199337005615234,150694000,0.0,0.0
2015-10-16 00:00:00-04:00,25.181308042824874,25.230868953263432,24.8997135232572,25.014604568481445,156930400,0.0,0.0
2015-10-19 00:00:00-04:00,24.96054513111562,25.174556331909038,24.80510436753319,25.17005157470703,119036800,0.0,0.0
2015-10-20 00:00:00-04:00,25.082192027499502,25.719722579856207,24.96504943648068,25.62961196899414,195871200,0.0,0.0
2015-10-21 00:00:00-04:00,25.681413598818732,26.03734939276791,25.613830243966976,25.627347946166992,167180800,0.0,0.0
2015-10-22 00:00:00-04:00,25.755768387345597,26.01934051513672,25.703954225755297,26.01934051513672,166616400,0.0,0.0
2015-10-23 00:00:00-04:00,26.28966572288069,26.859614518944007,26.20631483852487,26.825822830200195,237467600,0.0,0.0
2015-10-26 00:00:00-04:00,26.600550602498927,26.611813354377695,25.888678685031568,25.969778060913086,265335200,0.0,0.0
2015-10-27 00:00:00-04:00,25.996810421044348,26.253624525211848,25.679170928737967,25.805326461791992,279537600,0.0,0.0
2015-10-28 00:00:00-04:00,26.34148332220482,26.875387261824557,26.145492876813975,26.868627548217773,342205600,0.0,0.0
2015-10-29 00:00:00-04:00,26.740216724940186,27.188516468319552,26.643348134815415,27.1524715423584,204909200,0.0,0.0
2015-10-30 00:00:00-04:00,27.256093192784697,27.30790733479579,26.909168577430552,26.920433044433594,197461200,0.0,0.0
2015-11-02 00:00:00-05:00,27.213300287286668,27.33945410630296,26.945221703160165,27.298904418945312,128813200,0.0,0.0
2015-11-03 00:00:00-05:00,27.211043498407243,27.81928701067913,27.190767798015962,27.61203384399414,182076000,0.0,0.0
2015-11-04 00:00:00-05:00,27.738184316722403,27.893625032434624,27.39801939442772,27.483623504638672,179544400,0.0,0.0
2015-11-05 00:00:00-05:00,27.56733873257362,27.7573811961997,27.18951841429212,27.356935501098633,158210800,0.13,0.0
2015-11-06 00:00:00-05:00,27.39992162089463,27.558288902044342,27.28906452408983,27.388608932495117,132169200,0.0,0.0
2015-11-09 00:00:00-05:00,27.36598154193185,27.558285135925956,27.160104104572454,27.277748107910156,135485600,0.0,0.0
2015-11-10 00:00:00-05:00,26.447445892916978,26.71214617404694,26.25740347046507,26.418033599853516,236511600,0.0,0.0
2015-11-11 00:00:00-05:00,26.327537762035785,26.565088621190046,26.065098649743323,26.268714904785156,180872000,0.0,0.0
2015-11-12 00:00:00-05:00,26.302652623856034,26.42934642209491,26.164646139600023,26.180482864379883,130102400,0.0,0.0
2015-11-13 00:00:00-05:00,26.062838791831144,26.146548185860336,25.399955739428616,25.41579246520996,183249600,0.0,0.0
2015-11-16 00:00:00-05:00,25.198597046723727,25.845643237339623,25.11262651427745,25.832069396972656,152426800,0.0,0.0
2015-11-17 00:00:00-05:00,25.999499967446788,26.028912271661085,25.63751631848544,25.72122573852539,110467600,0.0,0.0
2015-11-18 00:00:00-05:00,26.189533964920045,26.580928065036172,26.130711101650345,26.535680770874023,186698800,0.0,0.0
2015-11-19 00:00:00-05:00,26.61486267412002,27.092229018715205,26.41577217620403,26.87277603149414,173183200,0.0,0.0
2015-11-20 00:00:00-05:00,26.967799735358497,27.130692765780022,26.88861610281296,26.99042510986328,137148400,0.0,0.0
2015-11-23 00:00:00-05:00,26.983631500342046,27.08770337092172,26.54698843422154,26.639747619628906,129930000,0.0,0.0
2015-11-24 00:00:00-05:00,26.544733926457408,27.00173786906148,26.497223743766426,26.895404815673828,171212800,0.0,0.0
2015-11-25 00:00:00-05:00,26.970065332751478,26.974591098537477,26.678215578215127,26.703102111816406,85553200,0.0,0.0
2015-11-27 00:00:00-05:00,26.761916216825213,26.78906562442485,26.60581014375564,26.6533203125,52185600,0.0,0.0
2015-11-30 00:00:00-05:00,26.694047495980463,27.01530949201183,26.639750398850293,26.764183044433594,156721200,0.0,0.0
2015-12-01 00:00:00-05:00,26.865996254353384,26.879570100117174,26.438402852054224,26.5469970703125,139409600,0.0,0.0
2015-12-02 00:00:00-05:00,26.546996117627085,26.721201853689273,26.261935010373545,26.30718231201172,133546400,0.0,0.0
2015-12-03 00:00:00-05:00,26.368257078689705,26.422554163241486,25.841117776532982,26.06283187866211,166278000,0.0,0.0
2015-12-04 00:00:00-05:00,26.083199757172093,26.97910960484569,26.042476503819948,26.929336547851562,231108000,0.0,0.0
2015-12-07 00:00:00-05:00,26.91802780112242,27.117118319395093,26.65332576953224,26.759658813476562,128336800,0.0,0.0
2015-12-08 00:00:00-05:00,26.587714467625513,26.832053993908925,26.438397018945828,26.74834632873535,137238000,0.0,0.0
2015-12-09 00:00:00-05:00,26.614871437405125,26.62618412697429,26.03569763380479,26.157867431640625,185445600,0.0,0.0
2015-12-10 00:00:00-05:00,26.25287512813891,26.456491359504103,26.13296827135531,26.282285690307617,116850800,0.0,0.0
2015-12-11 00:00:00-05:00,26.060579637913694,26.105826936173422,25.53117727269117,25.605836868286133,187544800,0.0,0.0
2015-12-14 00:00:00-05:00,25.379593233016113,25.492713188284313,24.838879984920002,25.447465896606445,257274800,0.0,0.0
2015-12-15 00:00:00-05:00,25.325300472693826,25.519866967144758,24.96557805580939,24.997251510620117,213292400,0.0,0.0
2015-12-16 00:00:00-05:00,25.12846638440405,25.336606684445236,24.61490255533471,25.189550399780273,224954000,0.0,0.0
2015-12-17 00:00:00-05:00,25.343392147963293,25.395428083017723,24.655624389648438,24.655624389648438,179091200,0.0,0.0
2015-12-18 00:00:00-05:00,24.63978841898795,24.77779317045669,23.938443345810153,23.988216400146484,385813200,0.0,0.0
2015-12-21 00:00:00-05:00,24.271022592960993,24.291385086886148,23.884152469122142,24.28233528137207,190362400,0.0,0.0
2015-12-22 00:00:00-05:00,24.298166867933446,24.370563570652795,24.08323791612002,24.259706497192383,131157600,0.0,0.0
2015-12-23 00:00:00-05:00,24.268757973132043,24.626217498021944,24.252921246134328,24.57192039489746,130629600,0.0,0.0
2015-12-24 00:00:00-05:00,24.660145851877736,24.660145851877736,24.422593297737695,24.440692901611328,54281600,0.0,0.0
2015-12-28 00:00:00-05:00,24.341154219466148,24.363779594235346,24.022156802890713,24.166950225830078,106816800,0.0,0.0
2015-12-29 00:00:00-05:00,24.198624875477893,24.757437828856503,24.176001225664045,24.60133171081543,123724800,0.0,0.0
2015-12-30 00:00:00-05:00,24.56513021811212,24.59227790304065,24.248393994048666,24.280067443847656,100855200,0.0,0.0
2015-12-31 00:00:00-05:00,24.20992847717639,24.214452515011708,23.714462619659734,23.814008712768555,163649200,0.0,0.0
2016-01-04 00:00:00-05:00,23.214485910912472,23.83890877734355,23.076479376554982,23.834383010864258,270597600,0.0,0.0
2016-01-05 00:00:00-05:00,23.924872088233865,23.947495735537558,23.169231566633837,23.237102508544922,223164000,0.0,0.0
2016-01-06 00:00:00-05:00,22.750688529742455,23.160184007754427,22.594584139961913,22.78236198425293,273829600,0.0,0.0
2016-01-07 00:00:00-05:00,22.325356645359758,22.653403857602136,21.81631679638618,21.82084083557129,324377600,0.0,0.0
2016-01-08 00:00:00-05:00,22.29594250225007,22.422636292013316,21.890972880172917,21.936220169067383,283192000,0.0,0.0
2016-01-11 00:00:00-05:00,22.39096802012428,22.41132878701104,22.0221957987083,22.29142189025879,198957600,0.0,0.0
2016-01-12 00:00:00-05:00,22.748417328684102,22.780090769209455,22.361545670988786,22.61493492126465,196616800,0.0,0.0
2016-01-13 00:00:00-05:00,22.69638748508706,22.89321682629104,22.01314372289401,22.033504486083984,249758400,0.0,0.0
2016-01-14 00:00:00-05:00,22.162464272143104,22.73258988643495,21.660211330148687,22.515398025512695,252680400,0.0,0.0
2016-01-15 00:00:00-05:00,21.764282446911434,22.105905253885545,21.574241717886682,21.974685668945312,319335600,0.0,0.0
2016-01-19 00:00:00-05:00,22.264272775258014,22.31856987621932,21.605913737566517,21.86835289001465,212350800,0.0,0.0
2016-01-20 00:00:00-05:00,21.515416277343235,22.214498535192835,21.135333138627338,21.897762298583984,289337600,0.0,0.0
2016-01-21 00:00:00-05:00,21.958842542706112,22.144359178154634,21.479215094317574,21.786901473999023,208646000,0.0,0.0
2016-01-22 00:00:00-05:00,22.31404561288052,22.954305084655992,22.255224468743922,22.945255279541016,263202000,0.0,0.0
2016-01-25 00:00:00-05:00,22.967880831467927,22.97014371445254,22.44526705683098,22.497303009033203,207178000,0.0,0.0
2016-01-26 00:00:00-05:00,22.608155054370535,22.823082285847043,22.187348669184583,22.621728897094727,300308000,0.0,0.0
2016-01-27 00:00:00-05:00,21.728081296765147,21.861562015968353,21.117232500375312,21.135332107543945,533478800,0.0,0.0
2016-01-28 00:00:00-05:00,21.219047682576814,21.384201899439223,20.902311369075118,21.28691864013672,222715200,0.0,0.0
2016-01-29 00:00:00-05:00,21.44527940935464,22.02219009399414,21.34573330527596,22.02219009399414,257666000,0.0,0.0
2016-02-01 00:00:00-05:00,21.82536831711847,21.879665421978128,21.583291638946616,21.81631851196289,163774000,0.0,0.0
2016-02-02 00:00:00-05:00,21.5878150542907,21.72808444103568,21.32990165607242,21.375150680541992,149428800,0.0,0.0
2016-02-03 00:00:00-05:00,21.49279232043426,21.90907294317787,21.284652009062455,21.798215866088867,183857200,0.0,0.0
2016-02-04 00:00:00-05:00,21.805038383742684,22.13941594307392,21.65263554942315,21.973363876342773,185886800,0.13,0.0
2016-02-05 00:00:00-05:00,21.955172225752072,22.0461596138237,21.311440229727474,21.386503219604492,185672400,0.0,0.0
2016-02-08 00:00:00-05:00,21.184054193174887,21.76864577931499,21.163582944862977,21.6116943359375,216085600,0.0,0.0
2016-02-09 00:00:00-05:00,21.44791490830285,21.823236702575873,21.366026453718202,21.607141494750977,177324800,0.0,0.0
2016-02-10 00:00:00-05:00,21.818686900271047,21.916498015833483,21.40469603019183,21.4433650970459,169374400,0.0,0.0
2016-02-11 00:00:00-05:00,21.33418033227886,21.545725209408825,21.061218248805595,21.31370735168457,200298800,0.0,0.0
2016-02-12 00:00:00-05:00,21.42517328637108,21.495687685341977,21.156761455379897,21.37967872619629,161405600,0.0,0.0
2016-02-16 00:00:00-05:00,21.61397140798435,22.03023754827432,21.52071059087684,21.98246955871582,196231600,0.0,0.0
2016-02-17 00:00:00-05:00,21.98928948337225,22.33958974795907,21.87100711106077,22.31911849975586,179452800,0.0,0.0
2016-02-18 00:00:00-05:00,22.482893523495918,22.49426759603916,21.85735771329363,21.896028518676758,156084000,0.0,0.0
2016-02-19 00:00:00-05:00,21.83688459508165,22.009760417382484,21.791391779684428,21.845983505249023,141496800,0.0,0.0
2016-02-22 00:00:00-05:00,21.907401429223263,22.041608199899244,21.818689214471288,22.037057876586914,137123200,0.0,0.0
2016-02-23 00:00:00-05:00,21.927875458036095,21.950621869361953,21.50706077446792,21.53890609741211,127770400,0.0,0.0
2016-02-24 00:00:00-05:00,21.37740050314607,21.923321219230694,21.227271091415055,21.859630584716797,145022800,0.0,0.0
2016-02-25 00:00:00-05:00,21.84825436929111,22.009756088256836,21.66627967261572,22.009756088256836,110330800,0.0,0.0
2016-02-26 00:00:00-05:00,22.109848349154202,22.29637169759186,21.968819558530566,22.04388427734375,115964400,0.0,0.0
2016-02-29 00:00:00-05:00,22.032508333194496,22.344139519859407,21.984740353125822,21.993839263916016,140865200,0.0,0.0
2016-03-01 00:00:00-05:00,22.212203735683552,22.92190128933838,22.159885442347466,22.8673095703125,201628400,0.0,0.0
2016-03-02 00:00:00-05:00,22.862768568648413,22.94920563040314,22.664871135294128,22.917360305786133,132678400,0.0,0.0
2016-03-03 00:00:00-05:00,22.878689533185554,23.135727272931547,22.84911763720705,23.08795928955078,147822800,0.0,0.0
2016-03-04 00:00:00-05:00,23.285859317872287,23.599763987599513,23.058391713172533,23.431438446044922,184220400,0.0,0.0
2016-03-07 00:00:00-05:00,23.290397664765056,23.390483922162332,22.965119063663252,23.172115325927734,143315600,0.0,0.0
2016-03-08 00:00:00-05:00,22.92418169082973,23.14710067558947,22.83774463799302,22.981048583984375,126247600,0.0,0.0
2016-03-09 00:00:00-05:00,23.04473972383984,23.106156941618256,22.808173234959792,23.001522064208984,108806800,0.0,0.0
2016-03-10 00:00:00-05:00,23.067485231287325,23.25628198010357,22.780875630465992,23.01289176940918,134054400,0.0,0.0
2016-03-11 00:00:00-05:00,23.256287231027887,23.26538614339531,23.08796169083077,23.26083755493164,109632800,0.0,0.0
2016-03-14 00:00:00-04:00,23.181221275897055,23.40868884966691,23.15164938062546,23.319974899291992,100304400,0.0,0.0
2016-03-15 00:00:00-04:00,23.647528441370675,23.925039155290957,23.622506869758855,23.788558959960938,160270800,0.0,0.0
2016-03-16 00:00:00-04:00,23.7953784412823,24.182072547930122,23.79082811883824,24.104734420776367,153214000,0.0,0.0
2016-03-17 00:00:00-04:00,24.00237817673982,24.218473418092056,23.874996887818018,24.066070556640625,137682800,0.0,0.0
2016-03-18 00:00:00-04:00,24.1889045087607,24.225300158912106,23.92731814891797,24.093368530273438,176820800,0.0,0.0
2016-03-21 00:00:00-04:00,24.095635928391857,24.48688036425567,23.91593636841071,24.091087341308594,142010800,0.0,0.0
2016-03-22 00:00:00-04:00,23.940961524067337,24.40499557088636,23.93186261309757,24.275339126586914,129777600,0.0,0.0
2016-03-23 00:00:00-04:00,24.22074739184747,24.354952423887728,24.08881578596938,24.141132354736328,102814000,0.0,0.0
2016-03-24 00:00:00-04:00,23.991004297380154,24.168428719959845,23.859072693509177,24.036497116088867,104532000,0.0,0.0
2016-03-28 00:00:00-04:00,24.111561016587242,24.15478040771241,23.897740957891887,23.92731285095215,77645600,0.0,0.0
2016-03-29 00:00:00-04:00,23.859072937380184,24.518729228037834,23.856797775789556,24.49370765686035,124760400,0.0,0.0
2016-03-30 00:00:00-04:00,24.7143482930635,25.116965070789703,24.70297422201423,24.921342849731445,182404400,0.0,0.0
2016-03-31 00:00:00-04:00,24.957741001732746,24.998685232017372,24.766667348591234,24.791688919067383,103553600,0.0,0.0
2016-04-01 00:00:00-04:00,24.743921859636675,25.02143257127942,24.611990253209825,25.01915740966797,103496000,0.0,0.0
2016-04-04 00:00:00-04:00,25.116969090497005,25.51958766809767,25.082848607328156,25.27619743347168,149424800,0.0,0.0
2016-04-05 00:00:00-04:00,24.90997693370177,25.187487678601563,24.889503947624885,24.97821617126465,106314800,0.0,0.0
2016-04-06 00:00:00-04:00,25.073751052291442,25.244351730115294,24.839457996977217,25.23980140686035,105616400,0.0,0.0
2016-04-07 00:00:00-04:00,25.010061368459674,25.116971415747532,24.593796988670825,24.689332962036133,127207600,0.0,0.0
2016-04-08 00:00:00-04:00,24.773490190300883,24.969110674747515,24.605162964066047,24.716623306274414,94326800,0.0,0.0
2016-04-11 00:00:00-04:00,24.787139168905565,25.160185811584803,24.75529385078219,24.798511505126953,117630000,0.0,0.0
2016-04-12 00:00:00-04:00,24.87130526072232,25.135168496044926,24.716628966769033,25.12152099609375,108929200,0.0,0.0
2016-04-13 00:00:00-04:00,25.20340671081554,25.55370523115222,25.20340671081554,25.48546600341797,133029200,0.0,0.0
2016-04-14 00:00:00-04:00,25.38993152531073,25.565080795702357,25.323965719842747,25.499114990234375,101895600,0.0,0.0
2016-04-15 00:00:00-04:00,25.50138561988534,25.544605007100053,24.960013508537088,24.987308502197266,187756000,0.0,0.0
2016-04-18 00:00:00-04:00,24.76894385979226,24.78259135881754,24.325382787072034,24.44821548461914,243286000,0.0,0.0
2016-04-19 00:00:00-04:00,24.53919596598512,24.566492693736375,24.163875938182407,24.318553924560547,129539600,0.0,0.0
2016-04-20 00:00:00-04:00,24.257144117401364,24.586971434961505,24.1252124962013,24.368602752685547,122444000,0.0,0.0
2016-04-21 00:00:00-04:00,24.32310304122403,24.32310304122403,24.00237299105934,24.104734420776367,126210000,0.0,0.0
2016-04-22 00:00:00-04:00,23.88636972941396,24.220747331033778,23.79765751699725,24.038772583007812,134732400,0.0,0.0
2016-04-25 00:00:00-04:00,23.884096335698,24.03195061248317,23.77263770538793,23.902294158935547,112126400,0.0,0.0
2016-04-26 00:00:00-04:00,23.636157736392338,23.952337542660594,23.636157736392338,23.736242294311523,224064800,0.0,0.0
2016-04-27 00:00:00-04:00,21.836886476995645,22.453323376583054,21.76409692482325,22.250877380371094,458408400,0.0,0.0
2016-04-28 00:00:00-04:00,22.203106863145077,22.26452233575248,21.438815784921715,21.57074737548828,328970800,0.0,0.0
2016-04-29 00:00:00-04:00,21.37967228617201,21.545724343771447,21.043021319485298,21.322805404663086,274126000,0.0,0.0
2016-05-02 00:00:00-04:00,21.37512497680055,21.400146544995135,21.018001008997377,21.300060272216797,192640400,0.0,0.0
2016-05-03 00:00:00-04:00,21.42744493436456,21.777745209156116,21.309162558607348,21.65036392211914,227325200,0.0,0.0
2016-05-04 00:00:00-04:00,21.65491767721752,21.814146059447825,21.341012972642798,21.4251766204834,164102000,0.0,0.0
2016-05-05 00:00:00-04:00,21.512137561815976,21.528157168883464,21.210052295681788,21.33820915222168,143562000,0.1425,0.0
2016-05-06 00:00:00-04:00,21.367958422261754,21.386265295184696,21.020101646635876,21.21920394897461,174799600,0.0,0.0
2016-05-09 00:00:00-04:00,21.283278762484098,21.459494388296562,21.18944841587858,21.235219955444336,131745600,0.0,0.0
2016-05-10 00:00:00-04:00,21.358802460749747,21.413726567282332,21.07960215469981,21.379398345947266,134747200,0.0,0.0
2016-05-11 00:00:00-04:00,21.393131681672703,21.41372756783256,21.15970116249197,21.171144485473633,114876400,0.0,0.0
2016-05-12 00:00:00-04:00,21.219199991818694,21.232930580451793,20.47542951009428,20.674530029296875,305258800,0.0,0.0
2016-05-13 00:00:00-04:00,20.596726220953915,20.978909499567926,20.596726220953915,20.715728759765625,177571200,0.0,0.0
2016-05-16 00:00:00-04:00,21.14368092565382,21.60138589513827,20.974330575826222,21.484670639038086,245039200,0.0,0.0
2016-05-17 00:00:00-04:00,21.638001057634245,21.67232753025203,21.285568055377258,21.395416259765625,187667600,0.0,0.0
2016-05-18 00:00:00-04:00,21.548745915606197,21.789039922499498,21.486954780972564,21.64028549194336,168249600,0.0,0.0
2016-05-19 00:00:00-04:00,21.658593192682083,21.658593192682083,21.41372116969022,21.557897567749023,121768400,0.0,0.0
2016-05-20 00:00:00-04:00,21.658593603158494,21.83938723043953,21.631130683291154,21.79132843017578,128104000,0.0,0.0
2016-05-23 00:00:00-04:00,21.94008999901093,22.24217523186175,21.894318450999574,22.068246841430664,152074400,0.0,0.0
2016-05-24 00:00:00-04:00,22.24903571895001,22.44813623524886,22.16207066952693,22.40465545654297,140560800,0.0,0.0
2016-05-25 00:00:00-04:00,22.580871739359623,22.825743800962478,22.45271492087759,22.798282623291016,152675200,0.0,0.0
2016-05-26 00:00:00-04:00,22.812020895100453,23.052316756690402,22.574014047755956,22.979084014892578,225324800,0.0,0.0
2016-05-27 00:00:00-04:00,22.757094319686594,22.992812127350895,22.713611783746387,22.965349197387695,145364800,0.0,0.0
2016-05-31 00:00:00-04:00,22.793704506458447,22.97678717157285,22.615199868275038,22.853206634521484,169228800,0.0,0.0
2016-06-01 00:00:00-04:00,22.660968932383206,22.779973184680046,22.50306192845888,22.532812118530273,116693200,0.0,0.0
2016-06-02 00:00:00-04:00,22.335999524631227,22.390923625603318,22.114012361278334,22.363462448120117,160766400,0.0,0.0
2016-06-03 00:00:00-04:00,22.379482901188585,22.489331107309198,22.301672154681206,22.40923309326172,114019600,0.0,0.0
2016-06-06 00:00:00-04:00,22.4252527765852,23.317777748046996,22.324558878280737,22.571718215942383,93170000,0.0,0.0
2016-06-07 00:00:00-04:00,22.713611151450763,22.855500333301602,22.64724371539179,22.66326332092285,89638000,0.0,0.0
2016-06-08 00:00:00-04:00,22.660968917445597,22.78454945043902,22.583159922230646,22.642662048339844,83392400,0.0,0.0
2016-06-09 00:00:00-04:00,22.541970272924072,22.882959994262276,22.53281596380014,22.805150985717773,106405600,0.0,0.0
2016-06-10 00:00:00-04:00,22.54883622834494,22.73649520586407,22.537394651109544,22.61749267578125,126851600,0.0,0.0
2016-06-13 00:00:00-04:00,22.585452962475056,22.68385960373706,22.221576592783116,22.276500701904297,152082000,0.0,0.0
2016-06-14 00:00:00-04:00,22.271923499689375,22.537393217145958,22.141477654664918,22.30396270751953,127727600,0.0,0.0
2016-06-15 00:00:00-04:00,22.386344052926276,22.521367891051842,22.205550428388392,22.230724334716797,117780800,0.0,0.0
2016-06-16 00:00:00-04:00,22.072826697637886,22.370335696868327,21.985863361342766,22.324565887451172,125307200,0.0,0.0
2016-06-17 00:00:00-04:00,22.111729181384575,22.11859447702449,21.809643951186256,21.816509246826172,244032800,0.0,0.0
2016-06-20 00:00:00-04:00,21.96984166880132,22.100287533869583,21.74785444757849,21.763874053955078,137647600,0.0,0.0
2016-06-21 00:00:00-04:00,21.727254458852926,22.049935539545707,21.66775232668044,21.949241638183594,142185600,0.0,0.0
2016-06-22 00:00:00-04:00,22.027051662297698,22.173517112891204,21.821084076773733,21.86685562133789,116876400,0.0,0.0
2016-06-23 00:00:00-04:00,21.956111783625662,22.03620981808834,21.798202982823383,21.992727279663086,128960800,0.0,0.0
2016-06-24 00:00:00-04:00,21.262687284267706,21.66317917190976,21.203185143507756,21.37482452392578,301245600,0.0,0.0
2016-06-27 00:00:00-04:00,21.28328155474526,21.29472487763943,20.940002819991303,21.063583374023438,181958400,0.0,0.0
2016-06-28 00:00:00-04:00,21.26039362049717,21.43432197682962,21.086465264164715,21.41830062866211,161779600,0.0,0.0
2016-06-29 00:00:00-04:00,21.505271098414454,21.638005976060278,21.42746033544734,21.60367774963379,146124000,0.0,0.0
2016-06-30 00:00:00-04:00,21.612829823962514,21.917202310242068,21.580790614880456,21.878297805786133,143345600,0.0,0.0
2016-07-01 00:00:00-04:00,21.853118862171964,22.077395020130943,21.816503379937043,21.944660186767578,104106000,0.0,0.0
2016-07-05 00:00:00-04:00,21.830234564403213,21.83252357773221,21.61740172095152,21.738693237304688,110820800,0.0,0.0
2016-07-06 00:00:00-04:00,21.649445100108103,21.892029925619067,21.596810005425958,21.86227798461914,123796400,0.0,0.0
2016-07-07 00:00:00-04:00,21.901186044582513,22.084268763824998,21.882879169463234,21.956111907958984,100558400,0.0,0.0
2016-07-08 00:00:00-04:00,22.081967619491916,22.17350892882717,21.981273750627864,22.125450134277344,115648400,0.0,0.0
2016-07-11 00:00:00-04:00,22.1414835539273,22.34745119200231,22.13690727130623,22.194120407104492,95179600,0.0,0.0
2016-07-12 00:00:00-04:00,22.237596218456755,22.35888775980049,22.226154641465545,22.294809341430664,96670000,0.0,0.0
2016-07-13 00:00:00-04:00,22.292523970812887,22.35202436664517,22.162076363165088,22.168943405151367,103568800,0.0,0.0
2016-07-14 00:00:00-04:00,22.287945451631565,22.654109112555616,22.27192584602883,22.608339309692383,155676000,0.0,0.0
2016-07-15 00:00:00-04:00,22.638083972660016,22.725049021248452,22.541966362541295,22.60604476928711,120548000,0.0,0.0
2016-07-18 00:00:00-04:00,22.587739568674593,22.91499869202972,22.564854669378224,22.846343994140625,145975600,0.0,0.0
2016-07-19 00:00:00-04:00,22.784553806957778,22.88524946331829,22.73420597877752,22.855499267578125,95119600,0.0,0.0
2016-07-20 00:00:00-04:00,22.885247219174968,22.990519146862475,22.82574508752349,22.8760929107666,105104000,0.0,0.0
2016-07-21 00:00:00-04:00,22.846345962283422,23.11410297372973,22.686148161396517,22.754804611206055,130808000,0.0,0.0
2016-07-22 00:00:00-04:00,22.715897717554057,22.725052026300503,22.498486813339227,22.57858657836914,113254800,0.0,0.0
2016-07-25 00:00:00-04:00,22.484757307414604,22.619779439422075,22.180383074440744,22.276500701904297,161531600,0.0,0.0
2016-07-26 00:00:00-04:00,22.157502897628866,22.4206836683607,22.06596153224306,22.1231746673584,224959200,0.0,0.0
2016-07-27 00:00:00-04:00,23.862443199059133,23.880751813337678,23.514588257794543,23.56035804748535,369379200,0.0,0.0
2016-07-28 00:00:00-04:00,23.53290156295342,23.903641472964054,23.530612549210936,23.878467559814453,159479200,0.0,0.0
2016-07-29 00:00:00-04:00,23.84413854749891,23.926525573406067,23.727423303129484,23.84871482849121,110934800,0.0,0.0
2016-08-01 00:00:00-04:00,23.89448986308584,24.292692715871684,23.89448986308584,24.269807815551758,152671600,0.0,0.0
2016-08-02 00:00:00-04:00,24.269801643722722,24.274377924220563,23.800653449442084,23.910503387451172,135266400,0.0,0.0
2016-08-03 00:00:00-04:00,23.98602428047785,24.22174202024085,23.976869973127123,24.21030044555664,120810400,0.0,0.0
2016-08-04 00:00:00-04:00,24.293134426538757,24.389772727354618,24.224106065690776,24.359861373901367,109634800,0.1425,0.0
2016-08-05 00:00:00-04:00,24.451904876626777,24.76943333423225,24.43119741485149,24.730318069458008,162213600,0.0,0.0
2016-08-08 00:00:00-04:00,24.73951503949257,24.935094833374023,24.656683454256722,24.935094833374023,112148800,0.0,0.0
2016-08-09 00:00:00-04:00,24.90288472935304,25.066250014488052,24.85226415400834,25.03633689880371,105260800,0.0,0.0
2016-08-10 00:00:00-04:00,25.01332751630886,25.057045604210778,24.79474058772825,24.84996223449707,96034000,0.0,0.0
2016-08-11 00:00:00-04:00,24.9696101673542,25.063948832362932,24.815448781352405,24.8338565826416,109938000,0.0,0.0
2016-08-12 00:00:00-04:00,24.799337355730007,24.95119905231607,24.799337355730007,24.891374588012695,74641600,0.0,0.0
2016-08-15 00:00:00-04:00,24.882175732084214,25.20430523262719,24.86837075885644,25.190500259399414,103472800,0.0,0.0
2016-08-16 00:00:00-04:00,25.22501115704495,25.363067902777512,25.12837283940371,25.16748809814453,135177600,0.0,0.0
2016-08-17 00:00:00-04:00,25.10306266182357,25.16518854876531,24.928192070478527,25.130674362182617,101424000,0.0,0.0
2016-08-18 00:00:00-04:00,25.132977247074436,25.218110256101408,25.084656329751844,25.09846305847168,87938800,0.0,0.0
2016-08-19 00:00:00-04:00,25.027128444325662,25.23881460774565,24.932791552819722,25.162883758544922,101472400,0.0,0.0
2016-08-22 00:00:00-04:00,25.047838059293596,25.103059698027486,24.815444436236465,24.96730613708496,103280800,0.0,0.0
2016-08-23 00:00:00-04:00,24.985711576720956,25.1536796579577,24.97190660623669,25.045536041259766,85030800,0.0,0.0
2016-08-24 00:00:00-04:00,24.98110920142037,25.022525866176057,24.776327291090634,24.85685920715332,94700400,0.0,0.0
2016-08-25 00:00:00-04:00,24.709603761036778,24.822348459112145,24.546238492876537,24.751020431518555,100344800,0.0,0.0
2016-08-26 00:00:00-04:00,24.71421513557366,24.83846343452386,24.461112197617805,24.60607147216797,111065200,0.0,0.0
2016-08-29 00:00:00-04:00,24.532431510488113,24.721107048226656,24.456500661584204,24.578449249267578,99881200,0.0,0.0
2016-08-30 00:00:00-04:00,24.34376419757719,24.504828093186863,24.274735810621728,24.389781951904297,99455600,0.0,0.0
2016-08-31 00:00:00-04:00,24.31154899061084,24.520932033993624,24.306946162358905,24.41278839111328,118649600,0.0,0.0
2016-09-01 00:00:00-04:00,24.42198585494577,24.573847548868294,24.302338683901738,24.557741165161133,106806000,0.0,0.0
2016-09-02 00:00:00-04:00,24.78093564715075,24.849964027189905,24.57845509074832,24.787839889526367,107210000,0.0,0.0
2016-09-06 00:00:00-04:00,24.82695288109795,24.918990127575476,24.73721704853509,24.780933380126953,107521600,0.0,0.0
2016-09-07 00:00:00-04:00,24.810847866020563,25.024833729836285,24.6359772635939,24.932796478271484,169457200,0.0,0.0
2016-09-08 00:00:00-04:00,24.67738959683001,24.6819906686396,24.214903761806983,24.279329299926758,212008000,0.0,0.0
2016-09-09 00:00:00-04:00,24.076849917506454,24.32534993803979,23.72941017150879,23.72941017150879,186228000,0.0,0.0
2016-09-12 00:00:00-04:00,23.618964046854227,24.3253470116672,23.59135235162858,24.260921478271484,181171200,0.0,0.0
2016-09-13 00:00:00-04:00,24.737213914465894,25.031731661508626,24.675088034892173,24.83845329284668,248704800,0.0,0.0
2016-09-14 00:00:00-04:00,25.017928407079655,26.007323921713333,24.988015294319997,25.7174072265625,443554800,0.0,0.0
2016-09-15 00:00:00-04:00,26.198299349553388,26.628572417152412,26.113164599306145,26.59175682067871,359934400,0.0,0.0
2016-09-16 00:00:00-04:00,26.488215386812733,26.7206072509396,26.239715383020144,26.442195892333984,319547600,0.0,0.0
2016-09-19 00:00:00-04:00,26.50432931274336,26.73212016997168,26.057949744336696,26.133880615234375,188092000,0.0,0.0
2016-09-20 00:00:00-04:00,26.011921747054608,26.25812031034343,25.887671758740993,26.131568908691406,138057200,0.0,0.0
2016-09-21 00:00:00-04:00,26.195996898596174,26.22820966650297,25.871567805973687,26.126970291137695,144012800,0.0,0.0
2016-09-22 00:00:00-04:00,26.311050678852,26.446806030763756,26.230518735581313,26.37317657470703,124296000,0.0,0.0
2016-09-23 00:00:00-04:00,26.32714846661855,26.412283210528773,25.666784992070152,25.933691024780273,209924800,0.0,0.0
2016-09-26 00:00:00-04:00,25.687498752969418,26.090160192090355,25.666791293009044,25.97281265258789,119477600,0.0,0.0
2016-09-27 00:00:00-04:00,26.000420244119045,26.041836912956565,25.848558539893368,26.021127700805664,98429600,0.0,0.0
2016-09-28 00:00:00-04:00,26.159184779426624,26.377771683950325,26.09936031132351,26.21900749206543,118564400,0.0,0.0
2016-09-29 00:00:00-04:00,26.037235832530467,26.18449470935685,25.724310280408325,25.811744689941406,143548000,0.0,0.0
2016-09-30 00:00:00-04:00,25.876182710231312,26.085567569020387,25.724322688271602,26.011938095092773,145516400,0.0,0.0
2016-10-03 00:00:00-04:00,25.933692675591384,26.011924939522526,25.83475295546521,25.88997459411621,86807200,0.0,0.0
2016-10-04 00:00:00-04:00,26.01423031257453,26.30184563711817,25.915290570712934,26.000425338745117,118947200,0.0,0.0
2016-10-05 00:00:00-04:00,26.092470057909676,26.152294554058717,25.929104717491064,26.011938095092773,85812400,0.0,0.0
2016-10-06 00:00:00-04:00,26.161484020268183,26.308742896738433,26.030331528553607,26.205202102661133,115117200,0.0,0.0
2016-10-07 00:00:00-04:00,26.301842974857756,26.359366033944028,26.11777023906036,26.244319915771484,97433600,0.0,0.0
2016-10-10 00:00:00-04:00,26.465205390857793,26.863265689104907,26.396178780695394,26.70220184326172,144944000,0.0,0.0
2016-10-11 00:00:00-04:00,27.081853270485173,27.3096458295167,26.736714944580275,26.75972557067871,256164000,0.0,0.0
2016-10-12 00:00:00-04:00,27.00133438905761,27.146293679460253,26.863279343098316,26.999032974243164,150347200,0.0,0.0
2016-10-13 00:00:00-04:00,26.87247110932311,27.022031406337156,26.626272499332984,26.916189193725586,140769600,0.0,0.0
2016-10-14 00:00:00-04:00,27.12327127186418,27.18999822880521,26.950702100436683,27.06574821472168,142608800,0.0,0.0
2016-10-17 00:00:00-04:00,26.99672172901236,27.114067502211952,26.870170300505663,27.04734230041504,94499600,0.0,0.0
2016-10-18 00:00:00-04:00,27.19230358879373,27.19920607577822,27.024335465157606,27.02893829345703,98214000,0.0,0.0
2016-10-19 00:00:00-04:00,26.97830994355929,27.095657454886393,26.18449257064661,26.94839859008789,80138400,0.0,0.0
2016-10-20 00:00:00-04:00,26.8885773655404,27.00822454929776,26.76662876801914,26.934595108032227,96503200,0.0,0.0
2016-10-21 00:00:00-04:00,26.877075494842337,26.90008612450001,26.755126881700807,26.82875633239746,92770800,0.0,0.0
2016-10-24 00:00:00-04:00,26.943801119353722,27.09106001342626,26.92079224630448,27.07035255432129,94154800,0.0,0.0
2016-10-25 00:00:00-04:00,27.139379979051693,27.233718643457696,26.992121080608044,27.20840835571289,192516000,0.0,0.0
2016-10-26 00:00:00-04:00,26.301845260387093,26.621673356261436,26.071753004047878,26.596363067626953,264536800,0.0,0.0
2016-10-27 00:00:00-04:00,26.550342567683266,26.65848619783235,26.253523377103146,26.340959548950195,138248000,0.0,0.0
2016-10-28 00:00:00-04:00,26.200602289086138,26.50892502792051,26.103962220446615,26.166088104248047,151446800,0.0,0.0
2016-10-31 00:00:00-04:00,26.14998413090216,26.283438055005455,26.046441566836695,26.12467384338379,105677600,0.0,0.0
2016-11-01 00:00:00-04:00,26.10626081215673,26.17758883243774,25.43209059565894,25.652978897094727,175303200,0.0,0.0
2016-11-02 00:00:00-04:00,25.63227092023925,25.850857803697124,25.593155668330223,25.675987243652344,113326800,0.0,0.0
2016-11-03 00:00:00-04:00,25.666742787734883,25.777753118472877,25.336021496429066,25.40077781677246,107730400,0.1425,0.0
2016-11-04 00:00:00-04:00,25.10011782241834,25.497908606348464,25.002983355963906,25.171812057495117,123348000,0.0,0.0
2016-11-07 00:00:00-05:00,25.45860092680323,25.558048655598466,25.31521064486102,25.534921646118164,130240000,0.0,0.0
2016-11-08 00:00:00-05:00,25.511792207961722,25.83788885592051,25.370715159983792,25.68524742126465,97016800,0.0,0.0
2016-11-09 00:00:00-05:00,25.412344016501844,25.745378584579065,24.989114644794295,25.643617630004883,236705600,0.0,0.0
2016-11-10 00:00:00-05:00,25.69218164347375,25.69218164347375,24.475683859980627,24.928979873657227,228538000,0.0,0.0
2016-11-11 00:00:00-05:00,24.774022353409375,25.17875105026193,24.642196505585055,25.076990127563477,136575600,0.0,0.0
2016-11-14 00:00:00-05:00,24.910470701655967,24.933597700829466,24.070948456767233,24.44792366027832,204702000,0.0,0.0
2016-11-15 00:00:00-05:00,24.646823414358217,24.903537209155136,24.55200217153334,24.771711349487305,129058000,0.0,0.0
2016-11-16 00:00:00-05:00,24.676888245695544,25.493285397947776,24.653761242497755,25.43777847290039,235362000,0.0,0.0
2016-11-17 00:00:00-05:00,25.39615348384531,25.52104143974233,25.16950634366288,25.428531646728516,110528000,0.0,0.0
2016-11-18 00:00:00-05:00,25.375333981337484,25.56497822021153,25.361458133083357,25.45396614074707,113715600,0.0,0.0
2016-11-21 00:00:00-05:00,25.46784790256332,25.900328378727725,25.44240766696807,25.840198516845703,117058400,0.0,0.0
2016-11-22 00:00:00-05:00,25.891079628899163,25.999778506635895,25.76388020358322,25.85638999938965,103862000,0.0,0.0
2016-11-23 00:00:00-05:00,25.754622803031417,25.789314188607175,25.516411327609532,25.724557876586914,109705600,0.0,0.0
2016-11-25 00:00:00-05:00,25.70143496001154,25.872578697280215,25.65980564074045,25.854076385498047,45903600,0.0,0.0
2016-11-28 00:00:00-05:00,25.770812075069333,26.011336781867797,25.761560921214333,25.803190231323242,108776000,0.0,0.0
2016-11-29 00:00:00-05:00,25.62048582429323,25.909577787041577,25.456281801189444,25.777751922607422,114115200,0.0,0.0
2016-11-30 00:00:00-05:00,25.810132038365442,25.94889583811114,25.50253774320289,25.56035614013672,144649200,0.0,0.0
2016-12-01 00:00:00-05:00,25.525667355219525,25.65749323399627,25.215759819907316,25.322145462036133,148347600,0.0,0.0
2016-12-02 00:00:00-05:00,25.24813879291091,25.46091008400142,25.174131310597794,25.416969299316406,106112000,0.0,0.0
2016-12-05 00:00:00-05:00,25.44009775078654,25.4470356769476,25.035368922933117,25.234264373779297,137298000,0.0,0.0
2016-12-06 00:00:00-05:00,25.324459232386438,25.523354669798998,25.252764980927562,25.428531646728516,104782000,0.0,0.0
2016-12-07 00:00:00-05:00,25.268951222099787,25.715309291078377,25.24582421756523,25.67830467224121,119994800,0.0,0.0
2016-12-08 00:00:00-05:00,25.638986141777533,26.002085548205233,25.578854524143182,25.930391311645508,108273200,0.0,0.0
2016-12-09 00:00:00-05:00,25.97433580507022,26.52707953287819,25.97433580507022,26.35362434387207,137610400,0.0,0.0
2016-12-12 00:00:00-05:00,26.20098533876166,26.596462967674128,26.01596576015207,26.203298568725586,105497600,0.0,0.0
2016-12-13 00:00:00-05:00,26.3281848937995,26.80923438913598,26.307371117446973,26.640405654907227,174935200,0.0,0.0
2016-12-14 00:00:00-05:00,26.60571426317554,26.873990712647146,26.59183841227385,26.640405654907227,136127200,0.0,0.0
2016-12-15 00:00:00-05:00,26.684345169237044,26.9965659155044,26.64965554363169,26.78610610961914,186098000,0.0,0.0
2016-12-16 00:00:00-05:00,26.93643183930623,26.943369763796,26.74678759051783,26.8207950592041,177404400,0.0,0.0
2016-12-19 00:00:00-05:00,26.781479117495373,27.146890003526284,26.76991473363379,26.97574806213379,111117600,0.0,0.0
2016-12-20 00:00:00-05:00,26.998876151778692,27.174644559579406,26.985000302168242,27.047443389892578,85700000,0.0,0.0
2016-12-21 00:00:00-05:00,27.0127518449209,27.151515624589486,27.008125385728206,27.0728816986084,95132800,0.0,0.0
2016-12-22 00:00:00-05:00,26.90867985059398,26.945684469202387,26.744475825593163,26.894804000854492,104343600,0.0,0.0
2016-12-23 00:00:00-05:00,26.73290975241611,26.947994232177734,26.73290975241611,26.947994232177734,56998000,0.0,0.0
2016-12-27 00:00:00-05:00,26.947998799803564,27.24403048671496,26.941060874196133,27.119142532348633,73187600,0.0,0.0
2016-12-28 00:00:00-05:00,27.179266610968252,27.29490338508048,26.873985597891057,27.00349998474121,83623600,0.0,0.0
2016-12-29 00:00:00-05:00,26.9318105882681,27.084452014470916,26.920247966708164,26.99656867980957,60158000,0.0,0.0
2016-12-30 00:00:00-05:00,26.978063605529947,27.10526301653017,26.695909554090427,26.78610610961914,122345200,0.0,0.0
2017-01-03 00:00:00-05:00,26.781481357443056,26.904056072927844,26.540956621718564,26.8624267578125,115127600,0.0,0.0
2017-01-04 00:00:00-05:00,26.793043229808333,26.945684635795736,26.76991622527376,26.832359313964844,84472400,0.0,0.0
2017-01-05 00:00:00-05:00,26.809233603899642,27.02663133887172,26.78379336834004,26.968812942504883,88774400,0.0,0.0
2017-01-06 00:00:00-05:00,27.008128036253378,27.32728670173765,26.9364337920254,27.269468307495117,127007600,0.0,0.0
2017-01-09 00:00:00-05:00,27.278716610806264,27.621002267452354,27.276405145552374,27.519241333007812,134247600,0.0,0.0
2017-01-10 00:00:00-05:00,27.468366937064868,27.609443985735044,27.359669818356252,27.547000885009766,97848400,0.0,0.0
2017-01-11 00:00:00-05:00,27.461418655835015,27.736634723148878,27.429040502560095,27.695005416870117,110354400,0.0,0.0
2017-01-12 00:00:00-05:00,27.49842701179773,27.59093678995442,27.338847688589375,27.57937240600586,108344800,0.0,0.0
2017-01-13 00:00:00-05:00,27.546994666856147,27.664944679909922,27.477611891065155,27.530805587768555,104447600,0.0,0.0
2017-01-17 00:00:00-05:00,27.368913622134034,27.808333761164853,27.341161922801497,27.75282859802246,137759200,0.0,0.0
2017-01-18 00:00:00-05:00,27.75283012137662,27.86846691354902,27.685760570179337,27.750516891479492,94852000,0.0,0.0
2017-01-19 00:00:00-05:00,27.614070547657203,27.773648145420296,27.607132621381986,27.701953887939453,102389200,0.0,0.0
2017-01-20 00:00:00-05:00,27.856900999474114,27.856900999474114,27.69038551004693,27.75282859802246,130391600,0.0,0.0
2017-01-23 00:00:00-05:00,27.752829477316595,27.94016051165572,27.69963577778169,27.771331787109375,88200800,0.0,0.0
2017-01-24 00:00:00-05:00,27.648755190611862,27.77595459170511,27.637190806659174,27.74588966369629,92844000,0.0,0.0
2017-01-25 00:00:00-05:00,27.849968523424135,28.23850827039246,27.81759035821658,28.1876277923584,129510400,0.0,0.0
2017-01-26 00:00:00-05:00,28.139053183281934,28.317134809814437,28.12286410491327,28.20149803161621,105350400,0.0,0.0
2017-01-27 00:00:00-05:00,28.247752278883326,28.296319514405013,28.122864345623032,28.20380973815918,82251600,0.0,0.0
2017-01-30 00:00:00-05:00,27.96791760540331,28.12980842590332,27.905474507346913,28.12980842590332,121510000,0.0,0.0
2017-01-31 00:00:00-05:00,28.01879420816155,28.074299372591287,27.89621949466042,28.065048217773438,196804000,0.0,0.0
2017-02-01 00:00:00-05:00,29.378686915174377,30.17889517265625,29.3740622192628,29.776477813720703,447940000,0.0,0.0
2017-02-02 00:00:00-05:00,29.598390355589235,29.924485150724784,29.55213458588679,29.725589752197266,134841600,0.0,0.0
2017-02-03 00:00:00-05:00,29.67470541554064,29.87822724671964,29.640015798386912,29.852787017822266,98029200,0.0,0.0
2017-02-06 00:00:00-05:00,29.864352867120733,30.181196482538002,29.811157412932904,30.132627487182617,107383600,0.0,0.0
2017-02-07 00:00:00-05:00,30.190452399428953,30.548927163944168,30.16963862361349,30.419414520263672,152735200,0.0,0.0
2017-02-08 00:00:00-05:00,30.37779293287687,30.57899986317353,30.347726231492565,30.537368774414062,92016400,0.0,0.0
2017-02-09 00:00:00-05:00,30.57916859352278,30.76499031269635,30.456062457724368,30.75802230834961,113399600,0.1425,0.0
2017-02-10 00:00:00-05:00,30.767323506767436,30.878815150150498,30.672089363088674,30.68834686279297,80262000,0.0,0.0
2017-02-13 00:00:00-05:00,30.911324145648237,31.083209848639086,30.834672556919383,30.960100173950195,92141600,0.0,0.0
2017-02-14 00:00:00-05:00,31.001911486222646,31.378197878459297,30.950810427492446,31.361940383911133,132904800,0.0,0.0
2017-02-15 00:00:00-05:00,31.47807500005461,31.652282168780612,31.269024271031057,31.475749969482422,142492400,0.0,0.0
2017-02-16 00:00:00-05:00,31.51292711768172,31.566349677548576,31.32013735161275,31.438600540161133,90338400,0.0,0.0
2017-02-17 00:00:00-05:00,31.38052407872349,31.55008475578114,31.38052407872349,31.524534225463867,88792800,0.0,0.0
2017-02-21 00:00:00-05:00,31.64300231534456,31.763786995029786,31.584933234914892,31.752172470092773,98028800,0.0,0.0
2017-02-22 00:00:00-05:00,31.68944525933102,31.849716429671922,31.615118706628255,31.847394943237305,83347600,0.0,0.0
2017-02-23 00:00:00-05:00,31.91012667215351,31.933352181018513,31.65926778432256,31.712690353393555,83152800,0.0,0.0
2017-02-24 00:00:00-05:00,31.56866884956597,31.742876052856445,31.42233366464049,31.742876052856445,87106400,0.0,0.0
2017-02-27 00:00:00-05:00,31.854363523900865,31.92404710499686,31.654605815027907,31.805583953857422,81029600,0.0,0.0
2017-02-28 00:00:00-05:00,31.840434502699683,31.92405410951117,31.752168377661185,31.819530487060547,93931600,0.0,0.0
2017-03-01 00:00:00-05:00,32.028570965729365,32.553513998326025,31.961212414814852,32.46989440917969,145658400,0.0,0.0
2017-03-02 00:00:00-05:00,32.518672964174456,32.58371002656248,32.23064915627459,32.27710723876953,104844000,0.0,0.0
2017-03-03 00:00:00-05:00,32.23530260255185,32.4791934110598,32.191169541247426,32.46757888793945,84432400,0.0,0.0
2017-03-06 00:00:00-05:00,32.37232826147971,32.46524085483397,32.19347816474719,32.365360260009766,87000000,0.0,0.0
2017-03-07 00:00:00-05:00,32.30034736873375,32.51404117685431,32.2376317643569,32.407196044921875,69785200,0.0,0.0
2017-03-08 00:00:00-05:00,32.27478531956515,32.47222155644039,32.24459181613751,32.286399841308594,74828800,0.0,0.0
2017-03-09 00:00:00-05:00,32.22600620169946,32.237617178075695,31.833458796471568,32.212066650390625,88623600,0.0,0.0
2017-03-10 00:00:00-05:00,32.34447830244929,32.370028840006,32.202789602226694,32.31892776489258,78451200,0.0,0.0
2017-03-13 00:00:00-04:00,32.251553048588725,32.38627013091243,32.24458504585659,32.332847595214844,69686800,0.0,0.0
2017-03-14 00:00:00-04:00,32.35607029019946,32.43736482088724,32.249221695498996,32.28406524658203,61236400,0.0,0.0
2017-03-15 00:00:00-04:00,32.38163563598722,32.69288498701873,32.29336951926755,32.625526428222656,102767200,0.0,0.0
2017-03-16 00:00:00-04:00,32.68592689949271,32.755610510452904,32.579078223453,32.678958892822266,76928000,0.0,0.0
2017-03-17 00:00:00-04:00,32.75096287108073,32.75096287108073,32.49313600032541,32.51636505126953,175540000,0.0,0.0
2017-03-20 00:00:00-04:00,32.61158751662396,32.86709283623294,32.57210097527615,32.85780334472656,86168000,0.0,0.0
2017-03-21 00:00:00-04:00,33.00878987556414,33.16906111266346,32.45597106800549,32.48152160644531,158119600,0.0,0.0
2017-03-22 00:00:00-04:00,32.483842601834596,32.89032613470719,32.46293504079582,32.848514556884766,103440800,0.0,0.0
2017-03-23 00:00:00-04:00,32.81134919080282,32.88567930878996,32.66037101199221,32.73237609863281,81385200,0.0,0.0
2017-03-24 00:00:00-04:00,32.867097088602634,32.922844677617626,32.59998075611463,32.66733932495117,89582400,0.0,0.0
2017-03-27 00:00:00-04:00,32.37699433693767,32.80206040466192,32.19814058790224,32.723087310791016,94300400,0.0,0.0
2017-03-28 00:00:00-04:00,32.73005448584725,33.457076899245784,32.662692373648206,33.40133285522461,133499200,0.0,0.0
2017-03-29 00:00:00-04:00,33.373441067921654,33.56158775781039,33.25962800386011,33.475643157958984,116760000,0.0,0.0
2017-03-30 00:00:00-04:00,33.49192411204135,33.56392920623337,33.33165287954663,33.4315299987793,84829200,0.0,0.0
2017-03-31 00:00:00-04:00,33.38275238759844,33.5105050701291,33.21783464392153,33.36881637573242,78646800,0.0,0.0
2017-04-03 00:00:00-04:00,33.3804301950063,33.47566078883018,33.227126979208975,33.37810516357422,79942800,0.0,0.0
2017-04-04 00:00:00-04:00,33.27356803404469,33.65450088756831,33.25498551140283,33.62662887573242,79565600,0.0,0.0
2017-04-05 00:00:00-04:00,33.49888909208457,33.78691298708864,33.40365495612494,33.45243453979492,110871600,0.0,0.0
2017-04-06 00:00:00-04:00,33.5151480445809,33.56857414907437,33.32003678994606,33.36881637573242,84596000,0.0,0.0
2017-04-07 00:00:00-04:00,33.38506697277346,33.48959058441461,33.27822187438636,33.29447937011719,66688800,0.0,0.0
2017-04-10 00:00:00-04:00,33.354874078698494,33.41991115132163,33.19227785288602,33.2549934387207,75733600,0.0,0.0
2017-04-11 00:00:00-04:00,33.201570622944516,33.29680474432891,32.53261383073849,32.89728927612305,121517600,0.0,0.0
2017-04-12 00:00:00-04:00,32.890320663198835,33.018069774017114,32.75327497270914,32.93677520751953,81400000,0.0,0.0
2017-04-13 00:00:00-04:00,32.96233868042032,33.071508851777054,32.76258087158203,32.76258087158203,71291600,0.0,0.0
2017-04-17 00:00:00-04:00,32.86244654509966,32.95535918207795,32.72075787493061,32.94374465942383,66328400,0.0,0.0
2017-04-18 00:00:00-04:00,32.84618481407643,32.99251643903748,32.77650123139038,32.79740524291992,58790000,0.0,0.0
2017-04-19 00:00:00-04:00,32.95537404931108,32.983246080851195,32.623216981680784,32.676639556884766,69313600,0.0,0.0
2017-04-20 00:00:00-04:00,32.80205283219943,33.196921754652344,32.788116824057646,33.08543014526367,93278400,0.0,0.0
2017-04-21 00:00:00-04:00,33.08543075241165,33.14117478600176,32.94838861083007,33.04594421386719,69283600,0.0,0.0
2017-04-24 00:00:00-04:00,33.33164009887406,33.43616369695351,33.257310001592785,33.364158630371094,68537200,0.0,0.0
2017-04-25 00:00:00-04:00,33.42686697319492,33.656818130356406,33.41757394091876,33.57087707519531,75486000,0.0,0.0
2017-04-26 00:00:00-04:00,33.5569476268563,33.58714467127322,33.30376738379543,33.37344741821289,80164800,0.0,0.0
2017-04-27 00:00:00-04:00,33.42920294149219,33.48495052654035,33.28751426405114,33.39900588989258,56985200,0.0,0.0
2017-04-28 00:00:00-04:00,33.468699203265004,33.51747879737787,33.2782344348256,33.36649703979492,83441600,0.0,0.0
2017-05-01 00:00:00-04:00,33.70330152637105,34.19107975976371,33.670782977478204,34.04706954956055,134411600,0.0,0.0
2017-05-02 00:00:00-04:00,34.27004478789871,34.39779746564668,34.10745208179001,34.26307678222656,181408800,0.0,0.0
2017-05-03 00:00:00-04:00,33.81709628325627,34.258423257355716,33.51049349534101,34.15854263305664,182788000,0.0,0.0
2017-05-04 00:00:00-04:00,34.03312086547251,34.17713102206524,33.86820315045931,34.03544235229492,93487600,0.0,0.0
2017-05-05 00:00:00-04:00,34.08886199145482,34.60451556235956,34.08886199145482,34.59987258911133,109310800,0.0,0.0
2017-05-08 00:00:00-04:00,34.61612987958939,35.700859561383574,34.61612987958939,35.54058837890625,195009600,0.0,0.0
2017-05-09 00:00:00-04:00,35.74035105907006,35.97495237668909,35.64279544407937,35.768226623535156,156521600,0.0,0.0
2017-05-10 00:00:00-04:00,35.68460796843865,35.75661305206817,35.3315470112741,35.598663330078125,103222800,0.0,0.0
2017-05-11 00:00:00-04:00,35.55668351885154,35.934526729011864,35.52403075341888,35.90653610229492,109020400,0.1575,0.0
2017-05-12 00:00:00-04:00,36.08146210604529,36.482626683236035,36.074465339143025,36.40799331665039,130108000,0.0,0.0
2017-05-15 00:00:00-04:00,36.38698809620516,36.53625834165533,36.16308450747158,36.3146858215332,104038800,0.0,0.0
2017-05-16 00:00:00-04:00,36.3706642766858,36.39865133615572,36.08611730913004,36.261043548583984,80194000,0.0,0.0
2017-05-17 00:00:00-04:00,35.82490652962704,36.05114482184361,34.91762229136638,35.0435676574707,203070800,0.0,0.0
2017-05-18 00:00:00-04:00,35.28146889876222,35.764263627488475,35.24881613236955,35.577674865722656,134272800,0.0,0.0
2017-05-19 00:00:00-04:00,35.77358481345351,35.91352367567691,35.598658566511546,35.69894790649414,107843200,0.0,0.0
2017-05-22 00:00:00-04:00,35.918186476288035,36.053463190082915,35.66396120536059,35.915855407714844,91865600,0.0,0.0
2017-05-23 00:00:00-04:00,36.128100250180886,36.128100250180886,35.757257452529636,35.871543884277344,79675600,0.0,0.0
2017-05-24 00:00:00-04:00,35.88086537422848,35.95783333805575,35.607980898231645,35.76424789428711,76712000,0.0,0.0
2017-05-25 00:00:00-04:00,35.85521421744903,35.99982233210143,35.69195043530942,35.88786697387695,76942400,0.0,0.0
2017-05-26 00:00:00-04:00,35.918190053923794,35.97416773520595,35.7572573342608,35.82722854614258,87710400,0.0,0.0
2017-05-30 00:00:00-04:00,35.7829121076118,36.01847816874213,35.76192181242746,35.84122085571289,80507600,0.0,0.0
2017-05-31 00:00:00-04:00,35.91120234615566,35.9578486462141,35.54035945619692,35.62898635864258,97804800,0.0,0.0
2017-06-01 00:00:00-04:00,35.72460145703294,35.76191990796234,35.50302893782513,35.726932525634766,65616400,0.0,0.0
2017-06-02 00:00:00-04:00,35.82022988509875,36.256378173828125,35.659297173952936,36.256378173828125,111082800,0.0,0.0
2017-06-05 00:00:00-04:00,35.99749413048113,36.023150126460365,35.79224972153144,35.9018669128418,101326800,0.0,0.0
2017-06-06 00:00:00-04:00,35.89486381105603,36.34034349948375,35.86687675088542,36.02314376831055,106499600,0.0,0.0
2017-06-07 00:00:00-04:00,36.1560941816609,36.379997810268655,36.03014527654552,36.23772430419922,84278400,0.0,0.0
2017-06-08 00:00:00-04:00,36.209744909512004,36.27738151444817,36.011493674859324,36.149105072021484,85003200,0.0,0.0
2017-06-09 00:00:00-04:00,36.195739679712474,36.195739679712474,34.05697518866929,34.74734878540039,259530800,0.0,0.0
2017-06-12 00:00:00-04:00,33.991667236270516,34.07329734386815,33.238315689142205,33.917030334472656,289229200,0.0,0.0
2017-06-13 00:00:00-04:00,34.32287566773033,34.39051227588961,33.854070873223286,34.1899299621582,136661600,0.0,0.0
2017-06-14 00:00:00-04:00,34.4021686800433,34.4021686800433,33.54852757256219,33.85639953613281,126124800,0.0,0.0
2017-06-15 00:00:00-04:00,33.42724203838024,33.697791934681774,33.16835104501716,33.65347671508789,128661600,0.0,0.0
2017-06-16 00:00:00-04:00,33.534529932935364,33.702459427248975,33.166018184796265,33.18234634399414,201444400,0.0,0.0
2017-06-19 00:00:00-04:00,33.50654649004962,34.22491083580309,33.50654649004962,34.131614685058594,130165600,0.0,0.0
2017-06-20 00:00:00-04:00,34.25523616737696,34.25523616737696,33.80509415669981,33.82141876220703,99600400,0.0,0.0
2017-06-21 00:00:00-04:00,33.94035780131968,34.06863776160285,33.72811309965877,34.02198791503906,85063200,0.0,0.0
2017-06-22 00:00:00-04:00,33.99866380198792,34.21557062366228,33.84705893067949,33.96601104736328,76425200,0.0,0.0
2017-06-23 00:00:00-04:00,33.84940727981732,34.32287419324736,33.84474158187007,34.11762619018555,141757600,0.0,0.0
2017-06-26 00:00:00-04:00,34.32519532219675,34.584086320580376,33.90770622838432,34.01033020019531,102769600,0.0,0.0
2017-06-27 00:00:00-04:00,33.82142120307832,34.08964370843167,33.49722455036343,33.52288055419922,99047600,0.0,0.0
2017-06-28 00:00:00-04:00,33.70013448902317,34.07797414052324,33.38993143778645,34.01266860961914,88329600,0.0,0.0
2017-06-29 00:00:00-04:00,33.751442936918934,33.84940122297442,33.18467996038145,33.511207580566406,125997600,0.0,0.0
2017-06-30 00:00:00-04:00,33.690800680553174,33.8097528281601,33.53453363144856,33.590511322021484,92096400,0.0,0.0
2017-07-03 00:00:00-04:00,33.79108846632809,33.8890467407912,33.37593044455809,33.46922302246094,57111200,0.0,0.0
2017-07-05 00:00:00-04:00,33.513549431964556,33.77010588629745,33.28731111818656,33.606842041015625,86278400,0.0,0.0
2017-07-06 00:00:00-04:00,33.35728250089559,33.469234344025466,33.215008958192776,33.289642333984375,96515200,0.0,0.0
2017-07-07 00:00:00-04:00,33.32928612123947,33.76077237304979,33.32928612123947,33.62782669067383,76806800,0.0,0.0
2017-07-10 00:00:00-04:00,33.611503886786124,34.04065553345013,33.438908665050064,33.83307647705078,84362400,0.0,0.0
2017-07-11 00:00:00-04:00,33.75609928352445,34.01732489373739,33.67446917192577,33.94268798828125,79127200,0.0,0.0
2017-07-12 00:00:00-04:00,34.021990647910606,34.0942929334552,33.777096728197336,33.99167251586914,99538000,0.0,0.0
2017-07-13 00:00:00-04:00,33.93570053917416,34.63307463557622,33.92170700528055,34.465145111083984,100797600,0.0,0.0
2017-07-14 00:00:00-04:00,34.51177772076507,34.828977412441425,34.362507486969314,34.76133728027344,80528400,0.0,0.0
2017-07-17 00:00:00-04:00,34.71003775557269,35.19516347053881,34.65172899994961,34.88262939453125,95174000,0.0,0.0
2017-07-18 00:00:00-04:00,34.798665913272494,35.01557634272131,34.675051631553764,35.00391387939453,71475200,0.0,0.0
2017-07-19 00:00:00-04:00,35.09720706349112,35.31644856576998,34.97359277967588,35.2231559753418,83692000,0.0,0.0
2017-07-20 00:00:00-04:00,35.33510194229348,35.39107962260808,35.02956466653727,35.06454849243164,68974800,0.0,0.0
2017-07-21 00:00:00-04:00,34.982919885760765,35.08787492684789,34.72402888634118,35.04822540283203,105010400,0.0,0.0
2017-07-24 00:00:00-04:00,35.120529870138824,35.55434715131817,34.96192820532544,35.472713470458984,85972800,0.0,0.0
2017-07-25 00:00:00-04:00,35.40506810509223,35.88086586383691,35.40506810509223,35.62430953979492,75415600,0.0,0.0
2017-07-26 00:00:00-04:00,35.76658415370908,35.901857304796906,35.69894401928195,35.792240142822266,63124000,0.0,0.0
2017-07-27 00:00:00-04:00,35.859872391584155,35.915850058954184,34.35550772498206,35.11585235595703,129905200,0.0,0.0
2017-07-28 00:00:00-04:00,34.959602429214975,35.03890149418559,34.79633860166238,34.8686408996582,68854800,0.0,0.0
2017-07-31 00:00:00-04:00,34.9619256652248,35.06221856753329,34.54910227066886,34.68904113769531,79383600,0.0,0.0
2017-08-01 00:00:00-04:00,34.77535273415734,35.036574891544035,34.61441995545126,34.996925354003906,141474400,0.0,0.0
2017-08-02 00:00:00-04:00,37.14966204199545,37.25928275170326,36.42197014681408,36.65053939819336,279747200,0.0,0.0
2017-08-03 00:00:00-04:00,36.629557223631636,36.6668756775211,36.156090461420554,36.28437042236328,108389200,0.0,0.0
2017-08-04 00:00:00-04:00,36.40098311603577,36.71118249124963,36.312352689469996,36.475616455078125,82239600,0.0,0.0
2017-08-07 00:00:00-04:00,36.631896793914265,37.065714134129095,36.54093526575073,37.04005813598633,87481200,0.0,0.0
2017-08-08 00:00:00-04:00,36.99107492243637,37.74442302684037,36.91410694017085,37.33626174926758,144823600,0.0,0.0
2017-08-09 00:00:00-04:00,37.14500327104846,37.61380787919992,37.11001944605963,37.56482696533203,104526000,0.0,0.0
2017-08-10 00:00:00-04:00,37.440728471342105,37.464144991105265,36.20675576815626,36.36832046508789,163217200,0.1575,0.0
2017-08-11 00:00:00-04:00,36.66803410047157,37.12931168108011,36.54393440344078,36.87408447265625,105028400,0.0,0.0
2017-08-14 00:00:00-04:00,37.30493545450732,37.513329681591564,37.17146768234419,37.42903518676758,88490800,0.0,0.0
2017-08-15 00:00:00-04:00,37.618677074964566,37.979267818199475,37.4969176304394,37.83877944946289,117862000,0.0,0.0
2017-08-16 00:00:00-04:00,37.918398974713085,38.05186313565876,37.499266844595624,37.686588287353516,110686400,0.0,0.0
2017-08-17 00:00:00-04:00,37.58590455588403,37.63039379982872,36.95837826784086,36.96306228637695,111762400,0.0,0.0
2017-08-18 00:00:00-04:00,36.963071039608046,37.34707847474114,36.696139085587,36.87877655029297,109712400,0.0,0.0
2017-08-21 00:00:00-04:00,36.87876568184829,36.97008438728898,36.31914518997143,36.81086349487305,105474000,0.0,0.0
2017-08-22 00:00:00-04:00,37.04969736467046,37.46414547438141,37.000527674536556,37.41263198852539,86418400,0.0,0.0
2017-08-23 00:00:00-04:00,37.24639039453034,37.574200269537975,37.2019011458808,37.45946502685547,77596400,0.0,0.0
2017-08-24 00:00:00-04:00,37.56484057495086,37.63743038105221,37.12463915543373,37.29322814941406,79275600,0.0,0.0
2017-08-25 00:00:00-04:00,37.38220413092139,37.59528238934535,37.29322918425095,37.43137741088867,101920400,0.0,0.0
2017-08-28 00:00:00-04:00,37.49693602135094,37.932456966473,37.44776274581737,37.80835723876953,103864000,0.0,0.0
2017-08-29 00:00:00-04:00,37.48757087625533,38.19470421716438,37.46415435064211,38.14553451538086,118067600,0.0,0.0
2017-08-30 00:00:00-04:00,38.353932904833655,38.375005636462646,38.075292654870644,38.248565673828125,109078400,0.0,0.0
2017-08-31 00:00:00-04:00,38.31645473610204,38.5225086800375,38.278989733048434,38.40074920654297,107140400,0.0,0.0
2017-09-01 00:00:00-04:00,38.588073522573204,38.62085450947144,38.31411736645372,38.41246032714844,66364400,0.0,0.0
2017-09-05 00:00:00-04:00,38.34221879905762,38.45929427630665,37.5952766825512,37.95118713378906,117874000,0.0,0.0
2017-09-06 00:00:00-04:00,38.09869840685145,38.16426037972677,37.585907311758376,37.911376953125,86606800,0.0,0.0
2017-09-07 00:00:00-04:00,37.95352386471447,37.9886486483731,37.54844375110811,37.759178161621094,87714000,0.0,0.0
2017-09-08 00:00:00-04:00,37.665515668825556,37.7334178609258,37.11994361770662,37.14336013793945,114446000,0.0,0.0
2017-09-11 00:00:00-04:00,37.58122534500925,37.9441600115112,37.43839313069016,37.81537628173828,126323200,0.0,0.0
2017-09-12 00:00:00-04:00,38.07527614003107,38.39138126880021,37.17613758524906,37.66551208496094,286856000,0.0,0.0
2017-09-13 00:00:00-04:00,37.43371182938948,37.45478813059873,36.974777960881646,37.382198333740234,179629600,0.0,0.0
2017-09-14 00:00:00-04:00,37.22766922473545,37.32366842051787,37.01693117848012,37.06142044067383,95042800,0.0,0.0
2017-09-15 00:00:00-04:00,37.10589675874661,37.691274061594434,36.995845539982454,37.43605041503906,196458400,0.0,0.0
2017-09-18 00:00:00-04:00,37.48989925935286,37.581217963827235,36.99584073697635,37.1527214050293,113077600,0.0,0.0
2017-09-19 00:00:00-04:00,37.34941601604376,37.41029754848057,37.098876362342715,37.166778564453125,83242400,0.0,0.0
2017-09-20 00:00:00-04:00,36.97242688525048,37.05672135491078,36.019434549093084,36.5439338684082,211805600,0.0,0.0
2017-09-21 00:00:00-04:00,36.480716973414104,36.480716973414104,35.766555895623476,35.916412353515625,150046800,0.0,0.0
2017-09-22 00:00:00-04:00,35.48322748417638,35.65416022168099,35.253760591775695,35.565181732177734,186581600,0.0,0.0
2017-09-25 00:00:00-04:00,35.12029893421716,35.551135783726636,34.92595323547048,35.25142288208008,177549200,0.0,0.0
2017-09-26 00:00:00-04:00,35.539422832004014,36.0405056082632,35.518350108777305,35.85786819458008,146640000,0.0,0.0
2017-09-27 00:00:00-04:00,36.012418760289435,36.22783721712528,35.951537223386595,36.113101959228516,102016800,0.0,0.0
2017-09-28 00:00:00-04:00,36.03349156265746,36.124810295337134,35.754851344956364,35.89065933227539,88022000,0.0,0.0
2017-09-29 00:00:00-04:00,35.874270463226026,36.08968891954171,35.59094622712271,36.087345123291016,105199200,0.0,0.0
2017-10-02 00:00:00-04:00,36.1201262825465,36.16461553719432,35.759535371421286,36.0147590637207,74795200,0.0,0.0
2017-10-03 00:00:00-04:00,36.06158725421008,36.31447071407902,36.038174302451495,36.17163848876953,64921200,0.0,0.0
2017-10-04 00:00:00-04:00,35.972620980686294,36.026474712841356,35.69866472642678,35.937496185302734,80655200,0.0,0.0
2017-10-05 00:00:00-04:00,36.101388026945784,36.39642048010087,36.07095083613456,36.38471221923828,85135200,0.0,0.0
2017-10-06 00:00:00-04:00,36.28636959656285,36.40812907951876,36.19036685860031,36.36363983154297,69630400,0.0,0.0
2017-10-09 00:00:00-04:00,36.48306135867127,36.698479818163094,36.40813490760725,36.49008560180664,65051600,0.0,0.0
2017-10-10 00:00:00-04:00,36.54158868903215,36.99584200428656,36.316805827022435,36.50412368774414,62468000,0.0,0.0
2017-10-11 00:00:00-04:00,36.520529736801926,36.75702094749772,36.46901623382098,36.65633773803711,67622400,0.0,0.0
2017-10-12 00:00:00-04:00,36.60950018550368,36.84833156719553,36.464324175985006,36.52754592895508,64500400,0.0,0.0
2017-10-13 00:00:00-04:00,36.698479729583326,36.8272634748546,36.62355327870016,36.759361267089844,65576800,0.0,0.0
2017-10-16 00:00:00-04:00,36.97242901872474,37.46414738226071,36.913891288439956,37.43605041503906,96486000,0.0,0.0
2017-10-17 00:00:00-04:00,37.41264256123469,37.66786626691819,37.283858810200705,37.5742073059082,75989200,0.0,0.0
2017-10-18 00:00:00-04:00,37.5624956569895,37.63040143453255,37.37049373236641,37.407955169677734,65496800,0.0,0.0
2017-10-19 00:00:00-04:00,36.70316253281427,36.78043277741604,36.29808237735054,36.522865295410156,170336800,0.0,0.0
2017-10-20 00:00:00-04:00,36.67037311190851,36.9373049987793,36.518176453894,36.58607864379883,95896400,0.0,0.0
2017-10-23 00:00:00-04:00,36.73594509178926,36.92326658007386,36.4104753903781,36.56735610961914,87937200,0.0,0.0
2017-10-24 00:00:00-04:00,36.59544902477302,36.86004073162018,36.574376297553286,36.78511428833008,71028800,0.0,0.0
2017-10-25 00:00:00-04:00,36.740629715230384,36.89048619374836,36.3566222657243,36.62355422973633,84828400,0.0,0.0
2017-10-26 00:00:00-04:00,36.81554751044976,36.956039489148395,36.710180312855506,36.857696533203125,68002000,0.0,0.0
2017-10-27 00:00:00-04:00,37.29789687160159,38.307090294626356,37.159748692225754,38.178306579589844,177816800,0.0,0.0
2017-10-30 00:00:00-04:00,38.37498462049114,39.35373708128832,38.33517940270431,39.03763198852539,178803200,0.0,0.0
2017-10-31 00:00:00-04:00,39.3139434540749,39.723707620517025,39.089160540713955,39.580875396728516,144187200,0.0,0.0
2017-11-01 00:00:00-04:00,39.77522247442673,39.79161475661711,38.7777406699895,39.07745361328125,134551200,0.0,0.0
2017-11-02 00:00:00-04:00,39.00955434236021,39.4544397711699,38.70047333659824,39.363121032714844,165573600,0.0,0.0
2017-11-03 00:00:00-04:00,40.74225570015285,40.80313364657898,40.06789997973196,40.391029357910156,237594400,0.0,0.0
2017-11-06 00:00:00-05:00,40.360602970533016,40.9740809629851,40.20840626384146,40.80080795288086,140105200,0.0,0.0
2017-11-07 00:00:00-05:00,40.72118471271653,41.03494606767357,40.648598503883406,40.93191909790039,97446000,0.0,0.0
2017-11-08 00:00:00-05:00,40.89680665684771,41.26676559448242,40.81953641295628,41.26676559448242,97638000,0.0,0.0
2017-11-09 00:00:00-05:00,41.002174988348465,41.23398572633403,40.5408973086215,41.182472229003906,117930400,0.0,0.0
2017-11-10 00:00:00-05:00,41.14956662962521,41.21301565458774,40.952173647190214,41.04616928100586,100582000,0.1575,0.0
2017-11-13 00:00:00-05:00,40.771228876747195,41.00622155038839,40.74772817510162,40.881675720214844,67928400,0.0,0.0
2017-11-14 00:00:00-05:00,40.66313586592022,40.766533229249134,40.22604929365969,40.263648986816406,99130000,0.0,0.0
2017-11-15 00:00:00-05:00,39.94170636190828,40.02395523471581,39.568068858887536,39.73256301879883,116632400,0.0,0.0
2017-11-16 00:00:00-05:00,40.22604113010659,40.38818663644769,40.019250031119455,40.207244873046875,94550000,0.0,0.0
2017-11-17 00:00:00-05:00,40.193140656808716,40.27538951731827,39.864152386176976,39.9839973449707,87598000,0.0,0.0
2017-11-20 00:00:00-05:00,40.016912269960045,40.08036131400005,39.845368573101176,39.94406509399414,65049600,0.0,0.0
2017-11-21 00:00:00-05:00,40.13204364839198,40.81822174188629,40.13204364839198,40.68662643432617,100525200,0.0,0.0
2017-11-22 00:00:00-05:00,40.73832536406179,41.123713161114964,40.66547821731747,41.114315032958984,102355600,0.0,0.0
2017-11-24 00:00:00-05:00,41.147211261335464,41.241206879771696,41.04146170846596,41.116661071777344,56106800,0.0,0.0
2017-11-27 00:00:00-05:00,41.13547234402277,41.142521838079375,40.73363325427664,40.90987777709961,82867200,0.0,0.0
2017-11-28 00:00:00-05:00,40.95921355779849,41.09315748393401,40.38583100283989,40.67017364501953,105715200,0.0,0.0
2017-11-29 00:00:00-05:00,40.56678234414522,40.634928634981506,39.28137226092645,39.82655334472656,166665600,0.0,0.0
2017-11-30 00:00:00-05:00,40.04980255459932,40.45164163340338,39.58216939495989,40.38349533081055,166108800,0.0,0.0
2017-12-01 00:00:00-05:00,39.937002242645065,40.341189908676576,39.596263599434536,40.19549560546875,159037200,0.0,0.0
2017-12-04 00:00:00-05:00,40.53153879920046,40.564437632885294,39.86181177367992,39.90176010131836,130169600,0.0,0.0
2017-12-05 00:00:00-05:00,39.727866245499925,40.30594987913818,39.57277019919403,39.86416244506836,109400800,0.0,0.0
2017-12-06 00:00:00-05:00,39.36128014662739,39.99575976617843,39.116889298352255,39.71611785888672,114240000,0.0,0.0
